10051, 10051, 10546, 10127, 10053, 10076, 10037, 10172, 10067, 10067
4785, 4803, 4787, 4783, 4784, 4780, 4784, 4787, 4797, 4794
4286, 4308, 4287, 4288, 4296, 4288, 4279, 4284, 4282, 4285
4297, 4281, 4294, 4280, 4297, 4294, 4323, 4299, 4284, 4284
4654, 4644, 4626, 4635, 4633, 4650, 4644, 4628, 4655, 4632
4703, 4701, 4725, 4724, 4704, 4715, 4728, 4712, 4791, 4715
4789, 4795, 4755, 4772, 4779, 4770, 4689, 4689, 4674, 4668
4701, 4704, 4688, 4689, 4690, 4684, 4691, 4698, 4711, 4918
4562, 4558, 4556, 4563, 4561, 4567, 4562, 4555, 4544, 4556
4734, 4706, 4721, 4768, 4707, 4711, 4702, 4709, 4700, 4709
4662, 4654, 4662, 4640, 4657, 4654, 4645, 4657, 4663, 4650
4655, 4646, 4648, 4645, 4661, 4647, 4645, 4646, 4656, 4665
4600, 4586, 4612, 4605, 4590, 4600, 4605, 4600, 4591, 4587
4668, 4686, 4683, 4670, 4658, 4675, 4674, 4685, 4677, 4688
4601, 4600, 4608, 4596, 4595, 4606, 4613, 4603, 4723, 4617
4652, 4665, 4669, 4765, 4743, 4667, 4653, 4667, 4660, 4660
4601, 4652, 4632, 4637, 4614, 4631, 4616, 4624, 4625, 4639
4667, 4661, 4691, 4672, 4659, 4676, 4682, 4680, 4674, 4657
4631, 4635, 4679, 4642, 4653, 4634, 4629, 4637, 4637, 4604
4604, 4593, 4600, 4604, 4605, 4585, 4587, 4605, 4588, 4607
4693, 4677, 4692, 4691, 4682, 4708, 4694, 4683, 4672, 4686
4635, 4626, 4627, 4624, 4620, 4628, 4639, 4629, 4643, 4640
4594, 4576, 4606, 4613, 4593, 4607, 4599, 4598, 4612, 4589
4703, 4706, 4712, 4694, 4696, 4718, 4703, 4697, 4709, 4710
4742, 4737, 4745, 4659, 4648, 4745, 4672, 4706, 4641, 4644
4649, 4643, 4629, 4645, 4652, 4639, 4624, 4624, 4633, 4629
4657, 4658, 4648, 4655, 4644, 4657, 4652, 4655, 4657, 4666
4642, 4661, 4672, 4654, 4674, 4666, 4661, 4646, 4675, 4659
4603, 4592, 4595, 4595, 4588, 4594, 4594, 4607, 4592, 4603
4641, 4639, 4631, 4634, 4643, 4639, 4645, 4652, 4650, 4633
4580, 4564, 4603, 4591, 4593, 4626, 4837, 4585, 4586, 4588
4649, 4742, 4720, 4639, 4974, 4715, 4644, 4635, 4638, 4656
4597, 4581, 4590, 4604, 4603, 4580, 4604, 4614, 4601, 4603
4767, 4755, 4762, 4773, 4768, 4775, 4755, 4791, 4758, 4773
4781, 4775, 4779, 5020, 4800, 4776, 4817, 4782, 4788, 4781
4681, 4668, 4654, 4652, 4655, 4669, 4657, 4650, 4663, 4672
4619, 4600, 4600, 4616, 4605, 4599, 4609, 4605, 4607, 4601
4786, 4778, 4786, 4750, 4797, 4797, 4782, 4783, 4773, 4777
4705, 4685, 4691, 4701, 4707, 4700, 4705, 4708, 4686, 4693
4645, 4628, 4645, 4630, 4624, 4636, 4630, 4629, 4629, 4622
4718, 4706, 4719, 4723, 4724, 4708, 4720, 4711, 4712, 4708
4735, 4727, 4727, 4725, 4744, 4725, 4729, 4721, 4724, 4738
4647, 4659, 4642, 4729, 4637, 4741, 4741, 4645, 4635, 4658
4697, 4626, 4626, 4645, 4646, 4633, 4630, 4639, 4643, 4623
4546, 4550, 4546, 4544, 4542, 4546, 4547, 4544, 4536, 4544
4620, 4623, 4612, 4612, 4625, 4618, 4606, 4626, 4601, 4644
4681, 4677, 4698, 4699, 4703, 4693, 4649, 4677, 4701, 4695
4569, 4579, 4593, 4589, 4586, 4580, 4597, 4591, 4600, 4591
4715, 4730, 4748, 4724, 4727, 4729, 4706, 4722, 4721, 4720
4632, 4623, 4639, 4631, 4616, 4619, 4650, 4616, 4624, 4627
4641, 4623, 4628, 4623, 4633, 4610, 4622, 4604, 4622, 4630
4700, 4715, 4723, 4714, 4719, 4721, 4713, 4722, 4718, 4710
4645, 4639, 4639, 4648, 4657, 4642, 4642, 4654, 4641, 4639
4609, 4593, 4602, 4604, 4606, 4553, 4596, 4591, 4596, 4602
4635, 4643, 4627, 4649, 4634, 4630, 4651, 4633, 4630, 4603
4604, 4601, 4601, 4597, 4594, 4611, 4605, 4636, 4589, 4596
4710, 4705, 4726, 4722, 4714, 4736, 4708, 4723, 4717, 4713
4637, 4658, 4744, 4733, 4726, 4734, 4694, 4637, 4652, 4628
4532, 4527, 4518, 4530, 4513, 4543, 4518, 4524, 4521, 4528
4650, 4671, 4681, 4670, 4659, 4662, 4664, 4636, 4672, 4670
4693, 4711, 4727, 4701, 4717, 4714, 4668, 4685, 4714, 4719
4709, 4713, 4738, 4729, 4727, 4712, 4743, 4708, 4706, 4711
4633, 4641, 4641, 4640, 4643, 4626, 4639, 4639, 4634, 4640
4756, 4799, 4775, 4758, 4759, 4764, 4774, 4767, 4867, 4864
4703, 4689, 4574, 4589, 4679, 4678, 4590, 4582, 4597, 4598
4547, 4536, 4530, 4543, 4544, 4548, 4550, 4522, 4547, 4536
4671, 4689, 4672, 4669, 4709, 4672, 4699, 4682, 4672, 4680
4609, 4598, 4609, 4593, 4596, 4601, 4594, 4588, 4596, 4607
4674, 4675, 4685, 4700, 4680, 4681, 4684, 4673, 4678, 4664
4665, 4667, 4703, 4671, 4670, 4642, 4767, 4761, 4656, 4667
4640, 4657, 4628, 4676, 4629, 4654, 4644, 4626, 4633, 4643
4577, 4594, 4600, 4573, 4580, 4584, 4582, 4593, 4604, 4594
4787, 4835, 4798, 4813, 4789, 4803, 4796, 4801, 4796, 4835
4651, 4656, 4669, 4655, 4660, 4656, 4671, 4647, 4652, 4660
4637, 4647, 4647, 4641, 4645, 4649, 4654, 4645, 4652, 4635
4641, 4645, 4646, 4663, 4640, 4660, 4641, 4645, 4659, 4644
4654, 4641, 4652, 4702, 4662, 4640, 4642, 4641, 4641, 4648
4620, 4620, 4624, 4623, 4618, 4621, 4631, 4621, 4615, 4621
4701, 4695, 4670, 4686, 4685, 4699, 4676, 4690, 4679, 4689
4666, 4668, 4622, 4631, 4650, 4651, 4680, 4653, 4672, 4674
4537, 4544, 4564, 4547, 4545, 4556, 4542, 4561, 4546, 4560
4665, 4660, 4669, 4680, 4685, 4671, 4675, 4687, 4661, 4658
4644, 4640, 4643, 4646, 4627, 4634, 4638, 4632, 4630, 4625
4630, 4636, 4641, 4650, 4658, 4630, 4635, 4647, 4649, 4648
4533, 4564, 4562, 4555, 4578, 4573, 4579, 4575, 4565, 4570
4655, 4639, 4644, 4655, 4655, 4648, 4646, 4656, 4655, 4625
4696, 4704, 4700, 4699, 4700, 4715, 4713, 4735, 4714, 4675
4663, 4686, 4669, 4774, 4766, 4752, 4708, 4667, 4908, 4732
4713, 4718, 4706, 4706, 4712, 4740, 4724, 4686, 4706, 4731
4651, 4645, 4643, 4650, 4650, 4646, 4634, 4637, 4638, 4637
4785, 4773, 4795, 4782, 4773, 4793, 4782, 4773, 4806, 4776
4687, 4691, 4707, 4690, 4688, 4687, 4695, 4687, 4703, 4692
4711, 4729, 4730, 4689, 4675, 4689, 4679, 4680, 4700, 4689
4668, 4674, 4667, 4672, 4672, 4675, 4679, 4673, 4688, 4664
4660, 4647, 4660, 4659, 4683, 4685, 4664, 4666, 4672, 4668
4696, 4690, 4701, 4697, 4698, 4706, 4693, 4670, 4675, 4686
4625, 4615, 4631, 4630, 4630, 4613, 4633, 4632, 4619, 4595
4694, 4688, 4689, 4694, 4665, 4705, 4652, 4704, 4692, 4691
4668, 4707, 4735, 4714, 4727, 4708, 4734, 4711, 4722, 4709
4677, 4679, 4665, 4667, 4674, 4684, 4673, 4673, 4665, 4693
4623, 4603, 4609, 4621, 4608, 4608, 4625, 4625, 4628, 4612
4706, 4689, 4701, 4700, 4691, 4691, 4710, 4740, 4689, 4692
4678, 4673, 4677, 4676, 4665, 4664, 4677, 4659, 4673, 4656
4690, 4925, 4692, 4678, 4667, 4669, 4667, 4667, 4687, 4685
4722, 4698, 4702, 4711, 4715, 4718, 4719, 4699, 4695, 4715
4706, 4691, 4698, 4696, 4693, 4684, 4689, 4779, 4799, 4793
4600, 4587, 4570, 4566, 4578, 4575, 4562, 4570, 4584, 4569
4626, 4648, 4633, 4627, 4621, 4629, 4641, 4618, 4620, 4621
4633, 4630, 4634, 4629, 4625, 4630, 4616, 4637, 4623, 4629
4679, 4682, 4690, 4679, 4728, 4679, 4694, 4670, 4682, 4675
4610, 4610, 4602, 4616, 4609, 4617, 4603, 4622, 4611, 4617
4670, 4669, 4655, 4659, 4655, 4659, 4661, 4670, 4654, 4653
4578, 4585, 4573, 4589, 4588, 4566, 4580, 4581, 4596, 4570
4625, 4638, 4640, 4639, 4650, 4635, 4637, 4639, 4634, 4627
4734, 4737, 4750, 4746, 4749, 4752, 4737, 4731, 4762, 4757
4541, 4535, 4554, 4520, 4536, 4532, 4557, 4533, 4550, 4542
4661, 4662, 4657, 4652, 4650, 4645, 4650, 4650, 4651, 4682
4648, 4664, 4647, 4661, 4650, 4660, 4649, 4654, 4636, 4663
4580, 4595, 4580, 4587, 4598, 4577, 4598, 4588, 4602, 4593
4683, 4699, 4674, 4696, 4687, 4702, 4657, 4686, 4683, 4688
4692, 4705, 4700, 4709, 4728, 4705, 4712, 4726, 4697, 4707
4675, 4706, 4692, 4713, 4700, 4710, 4713, 4716, 4714, 4758
4621, 4726, 4744, 4625, 4635, 4662, 4615, 4859, 4638, 4638
4656, 4666, 4667, 4673, 4662, 4660, 4668, 4676, 4677, 4673
4612, 4614, 4611, 4611, 4631, 4632, 4618, 4592, 4614, 4615
4641, 4635, 4657, 4637, 4653, 4637, 4642, 4653, 4643, 4641
4739, 4739, 4746, 4746, 4748, 4727, 4747, 4727, 4731, 4737
4776, 4787, 4791, 4791, 4777, 4789, 4784, 4774, 4770, 4772
4780, 4802, 4790, 4781, 4782, 4791, 4784, 4778, 4791, 4788
4722, 4720, 4717, 4728, 4724, 4716, 4730, 4720, 4713, 4718
4720, 4723, 4714, 4731, 4733, 4721, 4690, 4724, 4713, 4732
4841, 4614, 4591, 4605, 4608, 4588, 4588, 4589, 4621, 4596
4651, 4662, 4654, 4666, 4669, 4650, 4654, 4709, 4645, 4648
4557, 4543, 4620, 4557, 4552, 4662, 4632, 4668, 4570, 4672
4775, 4745, 4735, 4725, 4728, 4731, 4730, 4723, 4720, 4738
4528, 4559, 4539, 4503, 4534, 4574, 4539, 4528, 4555, 4533
4643, 4641, 4639, 4633, 4650, 4646, 4637, 4640, 4650, 4630
4704, 4707, 4779, 4792, 4707, 4773, 4758, 4689, 4689, 4753
4649, 4638, 4650, 4648, 4637, 4613, 4626, 4648, 4627, 4638
4677, 4692, 4682, 4691, 4668, 4672, 4682, 4687, 4747, 4673
4734, 4764, 4752, 4772, 4749, 4688, 4653, 4646, 4668, 4648
4588, 4596, 4607, 4587, 4605, 4603, 4597, 4604, 4590, 4597
4694, 4690, 4686, 4708, 4684, 4687, 4698, 4699, 4684, 4707
4597, 4609, 4597, 4602, 4598, 4592, 4595, 4584, 4622, 4586
4726, 4640, 4636, 4738, 4992, 4745, 4663, 4637, 4655, 4638
4606, 4612, 4623, 4606, 4609, 4617, 4616, 4627, 4607, 4611
4638, 4615, 4621, 4628, 4614, 4624, 4881, 4620, 4644, 4627
4667, 4673, 4677, 4669, 4653, 4668, 4668, 4658, 4665, 4666
4679, 4675, 4658, 4674, 4659, 4654, 4675, 4660, 4655, 4666
4711, 4715, 4699, 4709, 4679, 4693, 4710, 4693, 4692, 4715
4663, 4663, 4641, 4645, 4643, 4675, 4622, 4661, 4638, 4658
4660, 4656, 4668, 4684, 4674, 4658, 4674, 4674, 4665, 4663
4623, 4625, 4646, 4624, 4636, 4625, 4640, 4624, 4623, 4629
4773, 4778, 4778, 4776, 4788, 4782, 4797, 4771, 4777, 4796
4651, 4667, 4687, 4666, 4659, 4662, 4659, 4659, 4659, 4639
4625, 4637, 4626, 4630, 4639, 4627, 4623, 4625, 4624, 4620
4790, 4791, 4812, 4792, 4803, 4787, 4787, 4796, 4823, 4808
4686, 4677, 4697, 4669, 4685, 4679, 4687, 4681, 4686, 4708
4719, 4731, 4710, 4733, 4714, 4731, 4726, 4730, 4723, 4734
4788, 4787, 4843, 4915, 4796, 4778, 4883, 4877, 4801, 4777
4653, 4643, 4634, 4642, 4650, 4656, 4635, 4650, 4642, 4635
4726, 4728, 4706, 4728, 4724, 4732, 4749, 4739, 4735, 4745
4618, 4602, 4617, 4610, 4608, 4604, 4606, 4618, 4613, 4603
4597, 4578, 4684, 4566, 4656, 4585, 4591, 4580, 4581, 4606
4684, 4699, 4709, 4692, 4694, 4710, 4688, 4685, 4691, 4690
4633, 4626, 4631, 4642, 4635, 4636, 4623, 4623, 4622, 4632
4534, 4537, 4534, 4537, 4541, 4542, 4653, 4538, 4540, 4553
4614, 4601, 4604, 4596, 4615, 4614, 4598, 4617, 4602, 4606
4539, 4538, 4553, 4532, 4545, 4551, 4546, 4541, 4531, 4533
4630, 4634, 4631, 4629, 4584, 4622, 4620, 4632, 4621, 4624
4674, 4671, 4687, 4693, 4675, 4675, 4689, 4646, 4664, 4671
4588, 4600, 4584, 4592, 4610, 4595, 4596, 4557, 4586, 4613
4712, 4719, 4721, 4717, 4721, 4727, 4684, 4716, 4733, 4763
4595, 4586, 4583, 4587, 4593, 4582, 4595, 4579, 4590, 4599
4555, 4581, 4622, 4565, 4573, 4573, 4559, 4560, 4566, 4560
4686, 4676, 4696, 4663, 4678, 4683, 4679, 4678, 4690, 4680
4668, 4663, 4687, 4663, 4668, 4667, 4669, 4674, 4675, 4673
4666, 4659, 4670, 4657, 4658, 4673, 4690, 4680, 4677, 4680
4636, 4630, 4634, 4628, 4627, 4603, 4638, 4641, 4630, 4624
4688, 4677, 4668, 4676, 4669, 4662, 4667, 4662, 4670, 4657
4709, 4698, 4707, 4716, 4726, 4703, 4717, 4719, 4707, 4722
4553, 4551, 4548, 4535, 4554, 4536, 4541, 4538, 4526, 4539
4615, 4605, 4608, 4614, 4604, 4628, 4609, 4623, 4602, 4606
4647, 4647, 4662, 4653, 4656, 4645, 4657, 4659, 4684, 4658
4605, 4631, 4627, 4608, 4608, 4607, 4610, 4680, 4627, 4618
4787, 4776, 4771, 4782, 4792, 4792, 4775, 4780, 4769, 4778
4675, 4640, 4657, 4660, 4643, 4645, 4654, 4640, 4643, 4657
4613, 4603, 4860, 4643, 4624, 4626, 4631, 4618, 4623, 4648
4649, 4656, 4596, 4643, 4632, 4648, 4653, 4649, 4629, 4634
4704, 4715, 4721, 4712, 4684, 4721, 4703, 4705, 4717, 4701
4649, 4651, 4667, 4667, 4662, 4645, 4645, 4643, 4643, 4643
4616, 4614, 4621, 4614, 4615, 4635, 4649, 4624, 4635, 4626
4725, 4737, 4753, 4743, 4749, 4743, 4752, 4724, 4756, 4747
4668, 4672, 4668, 4673, 4655, 4676, 4658, 4668, 4658, 4654
4653, 4647, 4640, 4660, 4617, 4644, 4644, 4645, 4651, 4638
4633, 4623, 4637, 4648, 4648, 4632, 4631, 4645, 4639, 4633
4618, 4624, 4627, 4631, 4610, 4633, 4621, 4617, 4623, 4610
4704, 4707, 4703, 4680, 4680, 4703, 4693, 4703, 4686, 4693
4591, 4577, 4586, 4592, 4554, 4596, 4593, 4588, 4598, 4582
4629, 4652, 4624, 4627, 4638, 4625, 4647, 4632, 4631, 4648
4598, 4593, 4590, 4603, 4594, 4612, 4593, 4595, 4614, 4594
4625, 4611, 4624, 4616, 4624, 4611, 4623, 4601, 4638, 4628
4698, 4721, 4711, 4707, 4708, 4706, 4715, 4715, 4708, 4720
4642, 4667, 4648, 4664, 4643, 4640, 4656, 4645, 4647, 4653
