3574, 3613, 3629, 3616, 3616, 3611, 3631, 3628, 3609, 3612
2736, 2729, 2736, 2734, 2736, 2731, 2738, 2733, 2735, 2739
2599, 2608, 2600, 2600, 2574, 2608, 2604, 2602, 2603, 2604
2599, 2601, 2599, 2598, 2599, 2572, 2597, 2594, 2596, 2600
2732, 2736, 2737, 2792, 2697, 2699, 2739, 2740, 2737, 2738
2668, 2697, 2665, 2699, 2667, 2698, 2697, 2703, 2720, 2691
2707, 2706, 2720, 2704, 2776, 2707, 2755, 2773, 2772, 2766
2803, 2766, 2747, 2746, 2749, 2745, 2744, 2740, 2742, 2706
2658, 2690, 2686, 2686, 2694, 2694, 2688, 2653, 2684, 2696
2737, 2740, 2740, 2740, 2737, 2737, 2745, 2703, 2747, 2736
2755, 2756, 2754, 2765, 2725, 2759, 2758, 2792, 2781, 2758
2715, 2715, 2680, 2704, 2776, 2780, 2753, 2776, 2775, 2775
2688, 2750, 2747, 2727, 2747, 2749, 2689, 2684, 2687, 2685
2704, 2740, 2737, 2735, 2705, 2739, 2742, 2742, 2745, 2741
2758, 2751, 2753, 2755, 2757, 2757, 2751, 2719, 2765, 2757
2750, 2742, 2744, 2746, 2753, 2753, 2751, 2749, 2745, 2748
2734, 2729, 2739, 2729, 2729, 2728, 2691, 2727, 2699, 2734
2710, 2680, 2778, 2714, 2708, 2714, 2714, 2722, 2772, 2741
2809, 2807, 2809, 2803, 2780, 2787, 2744, 2752, 2746, 2750
2692, 2681, 2685, 2697, 2689, 2686, 2687, 2685, 2698, 2686
2698, 2671, 2705, 2710, 2699, 2713, 2695, 2698, 2697, 2699
2647, 2682, 2687, 2682, 2683, 2688, 2687, 2689, 2679, 2689
2693, 2692, 2694, 2688, 2695, 2689, 2693, 2693, 2698, 2693
2747, 2745, 2745, 2756, 2748, 2740, 2774, 2788, 2806, 2805
2733, 2752, 2720, 2693, 2736, 2718, 2691, 2691, 2659, 2688
2746, 2745, 2748, 2707, 2747, 2744, 2754, 2749, 2716, 2745
2723, 2686, 2689, 2721, 2726, 2718, 2731, 2725, 2729, 2721
2692, 2696, 2698, 2691, 2694, 2695, 2699, 2691, 2692, 2696
2697, 2693, 2696, 2697, 2694, 2695, 2691, 2663, 2694, 2695
2733, 2700, 2697, 2732, 2739, 2733, 2734, 2735, 2730, 2733
2709, 2771, 2674, 2703, 2703, 2706, 2700, 2705, 2699, 2702
2733, 2736, 2703, 2736, 2736, 2737, 2740, 2735, 2735, 2736
2695, 2690, 2690, 2702, 2658, 2686, 2692, 2685, 2690, 2687
2745, 2702, 2736, 2743, 2703, 2745, 2741, 2737, 2743, 2745
2737, 2700, 2739, 2734, 2733, 2696, 2739, 2734, 2702, 2730
2746, 2714, 2745, 2742, 2709, 2750, 2735, 2740, 2745, 2746
2747, 2706, 2739, 2742, 2708, 2748, 2803, 2751, 2714, 2741
2730, 2707, 2736, 2730, 2704, 2699, 2758, 2778, 2738, 2736
2812, 2803, 2762, 2741, 2779, 2744, 2741, 2804, 2783, 2782
2686, 2686, 2681, 2686, 2685, 2666, 2687, 2684, 2688, 2686
2702, 2690, 2699, 2689, 2692, 2699, 2659, 2697, 2694, 2701
2744, 2748, 2744, 2743, 2750, 2743, 2712, 2743, 2742, 2741
2735, 2739, 2743, 2734, 2744, 2735, 2741, 2741, 2743, 2738
2833, 2760, 2768, 2757, 2754, 2757, 2757, 2758, 2757, 2752
2660, 2683, 2689, 2688, 2689, 2692, 2688, 2691, 2654, 2685
2712, 2709, 2751, 2739, 2746, 2745, 2747, 2744, 2746, 2740
2701, 2736, 2760, 2696, 2692, 2739, 2700, 2762, 2693, 2701
2705, 2712, 2752, 2673, 2705, 2704, 2707, 2703, 2708, 2701
2753, 2757, 2757, 2757, 2765, 2754, 2755, 2722, 2755, 2727
2697, 2695, 2702, 2695, 2696, 2755, 2695, 2695, 2696, 2670
2695, 2663, 2696, 2695, 2696, 2702, 2668, 2700, 2699, 2696
2690, 2662, 2691, 2652, 2695, 2731, 2682, 2746, 2727, 2750
2784, 2808, 2738, 2807, 2800, 2750, 2802, 2742, 2739, 2738
2738, 2735, 2732, 2734, 2740, 2733, 2731, 2738, 2732, 2734
2736, 2741, 2743, 2738, 2738, 2736, 2700, 2747, 2738, 2702
2696, 2701, 2696, 2705, 2698, 2699, 2696, 2711, 2702, 2744
2721, 2727, 2723, 2723, 2686, 2723, 2720, 2728, 2680, 2722
2696, 2695, 2698, 2740, 2761, 2667, 2726, 2731, 2754, 2698
2758, 2693, 2662, 2693, 2705, 2692, 2691, 2696, 2697, 2691
2681, 2680, 2719, 2709, 2675, 2710, 2707, 2712, 2710, 2718
2685, 2693, 2688, 2687, 2690, 2705, 2692, 2697, 2687, 2687
2712, 2700, 2699, 2705, 2707, 2691, 2706, 2707, 2704, 2702
2687, 2685, 2687, 2684, 2744, 2650, 2688, 2685, 2687, 2693
2709, 2748, 2743, 2739, 2743, 2734, 2743, 2742, 2735, 2742
2749, 2754, 2754, 2754, 2755, 2755, 2790, 2760, 2823, 2822
2686, 2683, 2683, 2688, 2684, 2684, 2687, 2644, 2654, 2661
2741, 2745, 2745, 2743, 2746, 2714, 2739, 2801, 2749, 2744
2701, 2704, 2702, 2706, 2666, 2707, 2700, 2704, 2671, 3008
2696, 2779, 2690, 2689, 2698, 2862, 2696, 2693, 2702, 2828
2701, 2801, 2695, 2780, 2697, 2695, 2694, 2880, 2696, 2696
2767, 2780, 2737, 2806, 2737, 2737, 2779, 2749, 2732, 2737
2696, 2700, 2694, 2701, 2694, 2666, 2664, 2695, 2695, 2694
2743, 2737, 2738, 2735, 2748, 2706, 2703, 2745, 2745, 2744
2727, 2729, 2761, 2760, 2762, 2759, 2755, 2762, 2755, 2762
2699, 2669, 2699, 2703, 2665, 2695, 2697, 2698, 2693, 2661
2754, 2756, 2765, 2809, 2754, 2822, 2783, 2819, 2723, 2800
2819, 2754, 2800, 2815, 2758, 2760, 2761, 2757, 2763, 2757
2724, 2720, 2690, 2725, 2720, 2724, 2720, 2722, 2684, 2724
2692, 2693, 2694, 2693, 2699, 2692, 2698, 2656, 2693, 2697
2742, 2739, 2743, 2746, 2747, 2711, 2713, 2747, 2746, 2752
2686, 2647, 2688, 2690, 2687, 2694, 2679, 2691, 2655, 2689
2709, 2746, 2744, 2744, 2747, 2743, 2745, 2781, 2744, 2808
2819, 2755, 2756, 2814, 2798, 2814, 2758, 2756, 2767, 2761
2714, 2679, 2706, 2708, 2711, 2710, 2709, 2720, 2708, 2709
2751, 2753, 2748, 2744, 2743, 2747, 2709, 2749, 2746, 2749
2691, 2691, 2690, 2663, 2690, 2692, 2694, 2691, 2695, 2688
2742, 2702, 2738, 2737, 2736, 2736, 2745, 2736, 2734, 2736
2738, 2738, 2744, 2748, 2733, 2735, 2738, 2743, 2736, 2701
2711, 2755, 2742, 2762, 2720, 2719, 2784, 2725, 2781, 2790
2761, 2764, 2698, 2700, 2756, 2695, 2700, 2699, 2701, 2702
2735, 2696, 2700, 2734, 2734, 2700, 2737, 2736, 2741, 2730
2741, 2743, 2739, 2741, 2740, 2742, 2742, 2739, 2744, 2739
2727, 2762, 2760, 2764, 2725, 2764, 2760, 2763, 2762, 2766
2699, 2692, 2691, 2694, 2692, 2689, 2693, 2690, 2697, 2699
2744, 2739, 2742, 2751, 2742, 2746, 2802, 2753, 2744, 2741
2740, 2742, 2741, 2740, 2741, 2704, 2742, 2740, 2741, 2742
2737, 2741, 2739, 2736, 2735, 2748, 2739, 2748, 2732, 2740
2738, 2738, 2737, 2741, 2739, 2737, 2734, 2745, 2738, 2739
2744, 2744, 2708, 2745, 2740, 2744, 2742, 2745, 2748, 2708
2747, 2712, 2746, 2741, 2747, 2744, 2743, 2748, 2752, 2757
2759, 2762, 2761, 2759, 2757, 2755, 2758, 2763, 2730, 2762
2804, 2739, 2741, 2741, 2742, 2741, 2741, 2742, 2741, 2739
2733, 2732, 2728, 2729, 2738, 2732, 2730, 2734, 2729, 2737
2756, 2753, 2760, 2752, 2757, 2756, 2762, 2755, 2759, 2722
2692, 2693, 2694, 2696, 2692, 2697, 2700, 2706, 2688, 2668
2741, 2747, 2742, 2747, 2742, 2738, 2734, 2743, 2750, 2736
2712, 2715, 2714, 2711, 2709, 2712, 2710, 2711, 2716, 2675
2687, 2695, 2650, 2693, 2737, 2749, 2749, 2690, 2696, 2660
2687, 2685, 2686, 2691, 2686, 2685, 2685, 2689, 2681, 2688
2683, 2714, 2720, 2732, 2686, 2719, 2718, 2686, 2723, 2718
2695, 2732, 2735, 2742, 2734, 2739, 2733, 2739, 2732, 2733
2752, 2748, 2719, 2744, 2755, 2744, 2754, 2744, 2742, 2707
2688, 2690, 2689, 2691, 2686, 2694, 2693, 2686, 2688, 2697
2710, 2713, 2715, 2712, 2715, 2708, 2705, 2703, 2712, 2739
2700, 2688, 2700, 2688, 2694, 2692, 2693, 2695, 2686, 2692
2688, 2682, 2690, 2683, 2682, 2681, 2680, 2690, 2685, 2686
2705, 2698, 2706, 2674, 2701, 2702, 2704, 2702, 2706, 2703
2729, 2759, 2754, 2757, 2716, 2757, 2761, 2759, 2730, 2756
2684, 2689, 2659, 2688, 2684, 2684, 2656, 2690, 2691, 2689
2692, 2655, 2684, 2700, 2685, 2663, 2688, 2694, 2687, 2689
2703, 2697, 2705, 2696, 2746, 2709, 2707, 2699, 2670, 2674
2739, 2748, 2708, 2748, 2710, 2738, 2712, 2743, 2749, 2741
2696, 2691, 2687, 2688, 2655, 2692, 2689, 2690, 2694, 2693
2695, 2660, 2684, 2705, 2658, 2696, 2689, 2689, 2692, 2662
2726, 2759, 2757, 2765, 2757, 2754, 2759, 2758, 2760, 2759
2705, 2742, 2740, 2752, 2741, 2710, 2746, 2702, 2735, 2744
2699, 2667, 2704, 2701, 2697, 2708, 2706, 2703, 2745, 2772
2738, 2745, 2707, 2703, 2743, 2751, 2702, 2744, 2704, 2741
2732, 2739, 2732, 2731, 2702, 2741, 2697, 2737, 2732, 2736
2761, 2753, 2755, 2758, 2758, 2758, 2760, 2757, 2760, 2763
2745, 2735, 2739, 2741, 2745, 2736, 2738, 2736, 2703, 2740
2683, 2684, 2678, 2681, 2651, 2688, 2691, 2686, 2682, 2682
2748, 2742, 2740, 2713, 2741, 2752, 2738, 2748, 2705, 2708
2739, 2733, 2735, 2767, 2733, 2691, 2737, 2735, 2732, 2733
2728, 2726, 2697, 2725, 2740, 2733, 2731, 2727, 2725, 2732
2701, 2704, 2711, 2706, 2672, 2677, 2674, 2707, 2706, 2709
2693, 2696, 2696, 2701, 2696, 2692, 2700, 2662, 2695, 2693
2695, 2697, 2701, 2693, 2696, 2697, 2699, 2697, 2697, 2664
2709, 2718, 2681, 2710, 2712, 2713, 2770, 2715, 2708, 2722
2691, 2693, 2692, 2663, 2692, 2693, 2695, 2692, 2749, 2669
2694, 2689, 2682, 2689, 2683, 2681, 2664, 2686, 2690, 2684
2707, 2707, 2703, 2704, 2702, 2709, 2698, 2704, 2702, 2706
2695, 2700, 2700, 2700, 2696, 2704, 2700, 2702, 2705, 2696
2758, 2750, 2745, 2749, 2759, 2755, 2749, 2753, 2756, 2763
2744, 2746, 2740, 2739, 2734, 2737, 2707, 2741, 2741, 2736
2737, 2744, 2739, 2740, 2739, 2734, 2734, 2734, 2732, 2732
2751, 2744, 2756, 2818, 2753, 2745, 2749, 2707, 2744, 2748
2714, 2706, 2713, 2712, 2676, 2712, 2710, 2714, 2712, 2716
2741, 2704, 2736, 2744, 2740, 2702, 2743, 2740, 2737, 2741
2699, 2701, 2699, 2700, 2666, 2698, 2697, 2699, 2702, 2701
2674, 2710, 2698, 2704, 2696, 2705, 2696, 2664, 2691, 2696
2745, 2749, 2751, 2746, 2744, 2751, 2707, 2748, 2749, 2743
2740, 2738, 2741, 2742, 2734, 2735, 2736, 2775, 2703, 2740
2742, 2742, 2743, 2743, 2746, 2751, 2738, 2742, 2744, 2738
2720, 2762, 2756, 2761, 2754, 2767, 2717, 2761, 2760, 2762
2748, 2753, 2768, 2794, 2807, 2806, 2807, 2785, 2715, 2750
2747, 2701, 2739, 2747, 2734, 2733, 2741, 2698, 2740, 2702
2718, 2710, 2710, 2710, 2718, 2714, 2714, 2713, 2714, 2715
2739, 2739, 2741, 2738, 2743, 2747, 2747, 2705, 2741, 2744
2746, 2773, 2732, 2701, 2735, 2740, 2698, 2742, 2738, 2702
2706, 2701, 2697, 2700, 2697, 2701, 2698, 2699, 2666, 2696
2692, 2696, 2691, 2706, 2693, 2688, 2696, 2691, 2699, 2692
2753, 2753, 2753, 2765, 2753, 2752, 2753, 2722, 2720, 2749
2699, 2706, 2703, 2705, 2704, 2707, 2706, 2709, 2700, 2709
2698, 2696, 2701, 2695, 2696, 2698, 2703, 2699, 2695, 2698
2659, 2665, 2689, 2701, 2693, 2687, 2770, 2755, 2744, 2695
2686, 2729, 2750, 2756, 2687, 2730, 2685, 2745, 2689, 2688
2744, 2739, 2742, 2739, 2746, 2747, 2734, 2742, 2743, 2740
2692, 2658, 2685, 2688, 2685, 2691, 2659, 2687, 2691, 2655
2748, 2744, 2743, 2745, 2746, 2750, 2745, 2708, 2747, 2746
2755, 2759, 2759, 2755, 2756, 2759, 2760, 2757, 2757, 2755
2758, 2748, 2753, 2755, 2754, 2757, 2753, 2755, 2718, 2751
2713, 2719, 2705, 2674, 2705, 2706, 2672, 2701, 2664, 2719
2706, 2696, 2760, 2701, 2703, 2766, 2726, 2699, 2668, 2762
2805, 2744, 2799, 2749, 2741, 2743, 2743, 2706, 2745, 2705
2723, 2766, 2759, 2765, 2758, 2758, 2763, 2761, 2762, 2756
2722, 2764, 2762, 2762, 2759, 2760, 2756, 2726, 2756, 2759
2759, 2757, 2756, 2757, 2753, 2722, 2750, 2753, 2754, 2757
2758, 2762, 2766, 2768, 2764, 2813, 2728, 2760, 2759, 2767
2750, 2738, 2741, 2733, 2736, 2744, 2739, 2709, 2743, 2740
2744, 2705, 2736, 2740, 2736, 2735, 2738, 2737, 2738, 2730
2684, 2689, 2648, 2680, 2684, 2680, 2691, 2682, 2685, 2687
2694, 2693, 2696, 2692, 2700, 2690, 2695, 2692, 2704, 2697
2698, 2698, 2705, 2698, 2703, 2697, 2704, 2665, 2700, 2699
2696, 2701, 2698, 2691, 2686, 2695, 2692, 2694, 2703, 2730
2738, 2735, 2742, 2702, 2751, 2734, 2747, 2747, 2735, 2737
2701, 2702, 2705, 2708, 2702, 2703, 2676, 2706, 2705, 2705
2690, 2696, 2701, 2702, 2661, 2691, 2697, 2693, 2690, 2692
2689, 2693, 2692, 2692, 2693, 2659, 2694, 2689, 2698, 2656
2701, 2700, 2704, 2710, 2705, 2706, 2702, 2711, 2708, 2701
2702, 2705, 2707, 2714, 2706, 2704, 2703, 2704, 2704, 2703
2715, 2708, 2712, 2713, 2738, 2741, 2708, 2711, 2715, 2715
2697, 2657, 2659, 2691, 2654, 2688, 2649, 2684, 2688, 2655
2760, 2759, 2755, 2762, 2752, 2759, 2788, 2781, 2820, 2831
2733, 2728, 2687, 2679, 2682, 2651, 2686, 2684, 2692, 2682
2709, 2737, 2736, 2732, 2692, 2701, 2733, 2748, 2733, 2745
2753, 2715, 2752, 2758, 2755, 2761, 2752, 2750, 2748, 2752
2698, 2695, 2705, 2664, 2690, 2696, 2693, 2661, 2697, 2749
2696, 2691, 2690, 2688, 2658, 2690, 2697, 2699, 2692, 2700
2718, 2755, 2757, 2757, 2757, 2763, 2752, 2758, 2756, 2756
2713, 2709, 2714, 2713, 2714, 2710, 2711, 2710, 2712, 2711
2686, 2703, 2688, 2691, 2691, 2691, 2681, 2698, 2686, 2696
2677, 2693, 2706, 2667, 2704, 2704, 2709, 2671, 2702, 2698
2687, 2649, 2694, 2690, 2661, 2671, 2680, 2689, 2688, 2688
