42842, 42853, 42837, 42851, 42976, 42844, 42958, 42873, 42884, 42838
20913, 20979, 21046, 21129, 21059, 21213, 21000, 21007, 21043, 20994
20496, 20445, 20396, 20434, 20616, 20486, 20433, 20492, 20520, 20474
19846, 19807, 19884, 19842, 19827, 19862, 19956, 19837, 19826, 19844
21319, 21062, 20968, 20877, 20870, 20944, 20853, 21039, 20861, 20885
21055, 21049, 21102, 21143, 20974, 21140, 21009, 21228, 21035, 21042
20444, 20479, 20444, 20365, 20411, 20422, 20420, 20518, 20457, 20596
21026, 21024, 20945, 20994, 21003, 21139, 21145, 21126, 20992, 21173
20898, 20942, 20899, 20901, 20862, 21005, 20962, 20804, 20811, 20895
20846, 20882, 20906, 21296, 21090, 20910, 20898, 20874, 20891, 20880
21079, 20992, 21015, 21044, 20981, 21027, 20939, 20984, 21042, 21099
20442, 20446, 20546, 20461, 20434, 20445, 20432, 20408, 20475, 20519
20324, 20282, 20269, 20276, 20268, 20248, 20255, 20250, 20258, 20267
20381, 20226, 20208, 20202, 20183, 20286, 20342, 20357, 20724, 20528
20426, 20442, 20447, 20425, 20449, 20390, 20401, 20454, 20471, 20542
20915, 20918, 20927, 20897, 20861, 20937, 20923, 21057, 20946, 20887
20197, 20398, 20388, 20152, 20205, 20234, 20197, 20177, 20405, 20179
20488, 20510, 20621, 20469, 20453, 20461, 20539, 20393, 20509, 20587
20218, 20213, 20206, 20211, 20208, 20174, 20252, 20549, 20191, 20215
20177, 20342, 20309, 20181, 20197, 20148, 20224, 20191, 20245, 20196
21056, 21008, 21406, 21034, 21054, 21021, 20991, 21082, 21297, 21493
20951, 20857, 20867, 20940, 20930, 20969, 20922, 20898, 20895, 20877
20071, 20365, 20348, 20163, 20330, 20208, 20217, 20178, 20202, 20209
20955, 20867, 20926, 20865, 20909, 20916, 20914, 20906, 20931, 20978
20884, 20972, 20947, 20836, 20905, 21032, 20974, 20953, 21058, 20931
21044, 20919, 20923, 20918, 20903, 20971, 20895, 20953, 21022, 20904
20820, 20928, 20924, 20899, 21011, 20915, 20904, 20938, 20918, 21065
20949, 20916, 20941, 20960, 20909, 20887, 20852, 20918, 20888, 20900
21069, 21037, 21043, 21134, 21202, 21045, 21071, 21087, 21052, 21127
20152, 20149, 20226, 20192, 20172, 20284, 20121, 20170, 20380, 20143
20191, 20144, 20157, 20179, 20179, 20158, 20179, 20180, 20167, 20169
20219, 20192, 20244, 20252, 20239, 20259, 20334, 20222, 20264, 20273
21042, 21048, 20980, 20989, 21158, 21049, 21042, 21148, 21114, 21073
20992, 21051, 21032, 21165, 21188, 21459, 21118, 21170, 21019, 21067
21018, 21195, 21030, 21020, 21215, 21078, 21184, 21077, 21050, 21132
20924, 21051, 20905, 20976, 20937, 20922, 20935, 20915, 21125, 20902
20145, 20170, 20185, 20214, 20093, 20181, 20157, 20197, 20370, 20325
21040, 21023, 21040, 21076, 21094, 21179, 21080, 21210, 21072, 21084
21135, 20968, 21314, 21067, 21023, 21182, 21012, 20909, 21038, 20986
20870, 20900, 21185, 21305, 20833, 20899, 20892, 20910, 20887, 20934
21117, 21031, 21173, 21036, 21037, 20983, 21171, 21061, 21173, 21182
20469, 20373, 20424, 20731, 20589, 20481, 20608, 20514, 20456, 20441
20171, 20193, 20196, 20171, 20196, 20154, 20255, 20213, 20294, 20280
20483, 20568, 20512, 20452, 20449, 20482, 20450, 20489, 20431, 20591
21467, 20944, 20928, 21114, 20915, 20884, 20843, 20911, 20887, 21041
20277, 20334, 20212, 20271, 20244, 20160, 20219, 20293, 20261, 20212
21079, 21055, 21038, 21159, 20994, 21155, 21024, 21323, 21412, 21265
20184, 20198, 20207, 20306, 20286, 20221, 20180, 20204, 20238, 20191
21027, 21206, 21023, 21070, 21029, 21086, 21203, 20990, 21020, 21070
21014, 20980, 21147, 21071, 21008, 21098, 21072, 21186, 21085, 21234
20450, 20426, 20436, 20472, 20409, 20495, 20401, 20439, 20525, 20592
21152, 21046, 21045, 21062, 21175, 21115, 21080, 21110, 21047, 21183
20494, 20464, 20473, 20468, 20481, 20396, 20442, 20393, 20888, 20619
20190, 20189, 20164, 20136, 20189, 20222, 20178, 20172, 20219, 20181
20939, 20945, 20911, 20856, 20931, 20973, 20927, 20917, 21027, 20880
20477, 20429, 20464, 20451, 20564, 20376, 20516, 20487, 20498, 20491
21025, 20884, 20871, 20912, 20916, 20909, 20936, 20889, 20889, 20942
20932, 20854, 21086, 20905, 20891, 21083, 20910, 20866, 20949, 21081
20371, 20186, 20221, 20205, 20152, 20211, 20334, 20239, 20207, 20205
20440, 20408, 20480, 20437, 20457, 20423, 20453, 20588, 20530, 20388
21086, 20987, 21067, 21037, 21044, 21074, 21053, 21041, 20985, 21204
21128, 21028, 21038, 20982, 21101, 21004, 21047, 20988, 21079, 21024
21061, 20932, 20921, 20902, 20960, 20879, 20872, 20925, 20946, 20960
21171, 21062, 21340, 21538, 21199, 20937, 21006, 21063, 21059, 21179
20468, 20361, 20425, 20575, 20337, 20375, 20567, 20413, 20494, 20428
20959, 20931, 20922, 21480, 21045, 20919, 20974, 20931, 20891, 21053
20261, 20205, 20152, 20126, 20261, 20125, 20376, 20297, 20231, 20352
20503, 20431, 20463, 20437, 20492, 20467, 20470, 20433, 20407, 20424
20935, 21034, 21045, 21147, 21022, 20983, 21069, 21019, 21170, 20995
20494, 20615, 20570, 20578, 20461, 20465, 20599, 20452, 20493, 20484
20996, 21000, 21007, 20873, 20942, 21066, 20905, 20900, 20966, 20928
21165, 20985, 21139, 20977, 21017, 21023, 21041, 21069, 21170, 21051
21015, 20952, 21063, 21170, 21016, 21195, 21130, 21069, 21059, 21077
21016, 20995, 21024, 21016, 21097, 21007, 21195, 20998, 21058, 21221
20444, 20461, 20534, 20503, 20480, 20457, 20453, 20578, 20500, 20458
21152, 21084, 21054, 21050, 21040, 21135, 21082, 21034, 21093, 21039
20468, 20583, 20454, 20439, 20608, 20837, 20584, 20626, 20549, 20525
20936, 21071, 20915, 20938, 20957, 21002, 21042, 21032, 20933, 21217
20468, 20420, 20479, 20448, 20433, 20455, 20480, 20368, 20428, 20456
20887, 20876, 20887, 21088, 21100, 20982, 20953, 20974, 20900, 20881
20858, 20927, 20900, 20877, 20897, 20892, 20884, 20901, 20848, 20976
20919, 20878, 20924, 20972, 21051, 20954, 20865, 21060, 20953, 20936
20485, 20465, 20594, 20460, 20610, 20852, 20499, 20452, 20467, 20426
20409, 20573, 20608, 20499, 20419, 20463, 20593, 20475, 20498, 20489
20225, 20263, 20204, 20198, 20312, 20258, 20197, 20499, 20204, 20269
20356, 20457, 20400, 20578, 20432, 20604, 20474, 20466, 20452, 20392
20961, 21055, 21001, 20957, 20982, 21089, 21060, 21215, 21121, 21054
21206, 21144, 21014, 21007, 21070, 21012, 21031, 21036, 21113, 21203
20894, 21029, 20876, 20983, 20939, 20889, 20842, 20868, 20879, 20947
20642, 20463, 20497, 20461, 20636, 20483, 20662, 20628, 20458, 20626
21065, 21073, 21067, 21173, 21046, 21028, 21095, 21091, 21078, 21103
21019, 21013, 21069, 21068, 21005, 21023, 21102, 21066, 21033, 21020
20443, 20474, 20439, 20580, 20471, 20469, 20578, 20468, 20458, 20641
20488, 20471, 20355, 20549, 20861, 20575, 20634, 20467, 20631, 20475
21064, 20931, 20901, 21018, 20931, 20934, 20965, 20971, 20901, 20948
21022, 21067, 20991, 21035, 21029, 21040, 21056, 21239, 20994, 21202
20896, 20876, 20891, 20863, 20945, 20891, 20922, 20943, 20946, 20978
20887, 20686, 20484, 20490, 20456, 20633, 20449, 20489, 20450, 20516
20446, 20549, 20486, 20448, 20611, 20473, 20391, 20457, 20445, 20423
21380, 20949, 20966, 20982, 20944, 20893, 20949, 20898, 21005, 21019
20341, 20461, 20522, 20460, 20429, 20331, 20379, 20471, 20463, 20574
21085, 21069, 21085, 21169, 21031, 21047, 21143, 21169, 21052, 21084
20199, 20221, 20200, 20217, 20280, 20199, 20233, 20210, 20209, 20347
20408, 20624, 20476, 20563, 20509, 20489, 20483, 20482, 20406, 20485
20401, 20511, 20424, 20482, 20468, 20492, 20412, 20579, 20507, 20411
20951, 21014, 20930, 21092, 20893, 21068, 20983, 20874, 21058, 21113
20653, 20596, 20465, 20491, 20458, 20455, 20485, 20655, 20422, 20477
20276, 20223, 20203, 20353, 20229, 20351, 20307, 20392, 20263, 20386
20224, 20348, 20234, 20610, 20366, 20487, 20222, 20219, 20221, 20261
21083, 21141, 21080, 21069, 20961, 20917, 20948, 20969, 21027, 20914
20279, 20207, 20256, 20263, 20272, 20251, 20401, 20252, 20270, 20679
21177, 21021, 20994, 20962, 21084, 20959, 20934, 21015, 20980, 21021
20253, 20232, 20384, 20243, 20406, 20229, 20265, 20181, 20262, 20271
20532, 20497, 20637, 20491, 20467, 20459, 20648, 20601, 20506, 20545
21112, 21111, 21098, 20976, 20969, 20906, 20965, 20970, 21092, 20979
21146, 20926, 20888, 20963, 20900, 20925, 20972, 20949, 20948, 21001
20276, 20286, 20259, 20252, 20249, 20203, 20281, 20194, 20234, 20371
20554, 20511, 20663, 20693, 20504, 20480, 20660, 20517, 20666, 20540
20323, 20290, 20286, 20266, 20293, 20282, 20270, 20445, 20465, 20195
21225, 21102, 21250, 21166, 21136, 21244, 21117, 21088, 21115, 21072
21065, 20978, 20943, 20921, 20951, 20960, 21112, 20928, 21027, 20986
21141, 20941, 20960, 21016, 20959, 20967, 20940, 20968, 21026, 21000
20949, 20936, 20978, 20941, 20991, 20956, 20972, 21111, 20934, 20973
20493, 20474, 20484, 20658, 20647, 20501, 20505, 20472, 20656, 20508
20463, 20492, 20459, 20467, 20409, 20503, 20504, 20515, 20533, 20465
20439, 20451, 20585, 20452, 20483, 20487, 20533, 20513, 20479, 20525
21141, 21082, 21055, 21046, 21122, 21092, 21237, 21129, 21132, 21067
21046, 21039, 20930, 21243, 21067, 21257, 21077, 21059, 21168, 21129
21052, 21090, 21088, 21057, 21230, 21024, 21048, 21079, 21104, 21074
21089, 21049, 21144, 21174, 21115, 21143, 21183, 21077, 21105, 21067
20641, 20470, 20624, 20548, 20569, 20557, 20586, 20502, 20597, 20654
20984, 20978, 20901, 20909, 21057, 20964, 21514, 20928, 21112, 20931
20942, 20992, 20942, 20979, 20990, 20941, 20890, 20979, 20946, 20965
20196, 20176, 20316, 20388, 20208, 20400, 20188, 20163, 20265, 20172
20378, 20256, 20234, 20224, 20262, 20259, 20306, 20272, 20239, 20267
20267, 20248, 20225, 20334, 20235, 20263, 20248, 20224, 20399, 20377
21091, 20950, 21002, 20958, 20987, 20987, 21097, 21034, 21011, 21036
20510, 20497, 20508, 20522, 20533, 20567, 20514, 20595, 20483, 20804
20850, 20497, 20462, 20430, 20576, 20530, 20507, 20452, 20568, 20498
20540, 20690, 20610, 20505, 20599, 20502, 20532, 21056, 20846, 20522
21081, 20950, 20947, 20927, 20991, 21048, 20922, 21137, 21098, 21137
20183, 20237, 20526, 20411, 20295, 20386, 20203, 20164, 20263, 20166
20517, 20449, 20465, 20454, 20609, 20742, 20481, 20528, 20471, 20478
20569, 20581, 20441, 20441, 20425, 20476, 20450, 20458, 20421, 20466
20535, 20495, 20475, 20476, 20445, 20447, 20433, 20536, 20421, 20466
20881, 20930, 20895, 20931, 20912, 20889, 20885, 20913, 20889, 20846
20901, 20969, 20940, 20969, 20960, 21126, 20963, 21294, 20982, 21122
20439, 20441, 20430, 20450, 20429, 20425, 20441, 20441, 20490, 20590
20495, 20499, 20539, 20422, 20563, 20578, 20606, 20556, 20428, 20559
21070, 21070, 21100, 21090, 21063, 21178, 21037, 21090, 21078, 21105
20922, 20904, 20873, 20957, 20892, 20967, 21014, 21322, 20954, 20993
20933, 21088, 20966, 20966, 20931, 20903, 20928, 20946, 20919, 20909
20956, 20950, 20919, 20924, 21049, 21033, 20924, 21066, 20933, 20968
21111, 21034, 21030, 21041, 21084, 21041, 21092, 21076, 21100, 21124
21060, 21198, 21087, 21110, 21067, 21082, 21068, 21301, 21477, 21038
20228, 20239, 20245, 20238, 20228, 20273, 20385, 20243, 20241, 20256
21060, 21071, 20957, 21086, 21039, 21300, 21657, 21223, 21067, 21053
20467, 20522, 20551, 20504, 20505, 20533, 20606, 20467, 20576, 20621
20460, 20437, 20438, 20490, 20474, 20437, 20423, 20457, 20348, 20392
21027, 21055, 21051, 21041, 21153, 21131, 21130, 21473, 21054, 21040
20472, 20460, 20387, 20426, 20519, 20434, 20440, 20455, 20431, 20423
20974, 20925, 20940, 20845, 21043, 20903, 20923, 20868, 20907, 20850
20391, 20549, 20410, 20427, 20589, 20413, 20582, 20411, 20393, 20573
20159, 20198, 20231, 20216, 20208, 20256, 20336, 20188, 20217, 20170
20512, 20640, 20475, 20490, 20494, 20398, 20522, 20644, 20447, 20682
21034, 20949, 21006, 20903, 20992, 20913, 20948, 20987, 20990, 20955
20965, 20925, 20982, 20971, 20966, 20939, 21429, 21003, 21092, 20896
20243, 20206, 20205, 20223, 20201, 20241, 20185, 20230, 20221, 20206
20920, 20926, 20959, 20924, 20849, 21066, 20968, 20928, 21086, 20889
21066, 20913, 21104, 21334, 20933, 20960, 20948, 20953, 20938, 20893
21177, 21068, 21129, 21086, 21090, 21194, 21078, 21075, 21116, 21147
20449, 20466, 20457, 20450, 20412, 20455, 20558, 20448, 20378, 20386
21283, 21045, 21086, 21051, 21063, 21033, 21108, 20992, 21093, 21102
20260, 20241, 20206, 20212, 20295, 20211, 20324, 20221, 20254, 20346
20246, 20239, 20343, 20206, 20360, 20142, 20267, 20300, 20229, 20241
21038, 21051, 21202, 21207, 21013, 21046, 21157, 21080, 21010, 21043
21136, 21087, 21037, 21067, 21223, 21007, 21257, 21117, 21253, 21113
20479, 20459, 20466, 20447, 20557, 20536, 20527, 20661, 20529, 20681
20444, 20458, 20491, 20576, 20465, 20589, 20565, 20481, 20524, 20499
21087, 21051, 21052, 21036, 21213, 21236, 21269, 21142, 21248, 21050
20969, 20907, 20940, 20943, 20951, 20951, 20939, 21071, 21182, 21047
20935, 20951, 20944, 21012, 20891, 20877, 20919, 21042, 20954, 20924
20463, 20459, 20365, 20503, 20451, 20486, 20482, 20472, 20622, 20653
20515, 20555, 20679, 20484, 20520, 20613, 20521, 20515, 20631, 20453
21115, 21079, 21076, 21067, 21043, 21077, 21027, 21027, 21074, 21191
21054, 21075, 21067, 21092, 21120, 21087, 21039, 21131, 21244, 21019
20220, 20164, 20245, 20141, 20379, 20129, 20294, 20216, 20252, 20260
20926, 20952, 20934, 20898, 20914, 20954, 20968, 20978, 21022, 21013
21078, 20938, 20999, 21014, 20965, 20975, 20956, 20908, 21038, 20908
20968, 20941, 20925, 20931, 20893, 20917, 21116, 20945, 21003, 20906
20517, 20429, 20452, 20517, 20501, 20501, 20625, 20473, 20486, 20470
20525, 20529, 20435, 20574, 20520, 20597, 20501, 20490, 20507, 20484
20927, 20931, 20991, 21061, 20998, 21133, 20912, 20926, 20990, 20924
21089, 21073, 21061, 21056, 21067, 21055, 21074, 21210, 21124, 21113
21106, 21138, 21063, 20919, 21140, 21005, 21016, 21064, 20946, 20925
20921, 20921, 20948, 20929, 20905, 21021, 20934, 20890, 21055, 21077
20489, 20476, 20457, 20471, 20536, 20475, 20477, 20457, 20479, 20457
21071, 21041, 21000, 21088, 21265, 21079, 21078, 21031, 21064, 21219
21217, 21297, 20967, 20982, 21060, 21084, 21069, 21065, 21310, 21187
20603, 20433, 20435, 20429, 20432, 20875, 20453, 20361, 20512, 20444
20462, 20524, 20472, 20447, 20442, 20502, 20491, 20516, 20516, 20664
20935, 20902, 20886, 20915, 20890, 20899, 20924, 20879, 20886, 20895
20901, 20866, 20919, 20904, 21097, 20909, 20914, 20914, 20936, 20972
20919, 21017, 21072, 21141, 21022, 21043, 21040, 21050, 21187, 21026
