36020, 36049, 36048, 36276, 36014, 36072, 36238, 36264, 36020, 36012
20900, 21148, 20909, 20928, 20927, 20920, 20921, 20927, 20910, 20922
19269, 19275, 19264, 19270, 19274, 19283, 19276, 19268, 19289, 19274
19493, 19497, 19492, 19485, 19478, 19485, 19504, 19492, 19503, 19486
20298, 20293, 20309, 20312, 20283, 20305, 20320, 20322, 20314, 20312
20838, 20850, 20825, 20832, 20857, 20974, 20973, 20844, 20832, 20832
21163, 21139, 21143, 21153, 21140, 21157, 21130, 21135, 21153, 21135
20717, 20725, 20736, 20742, 20731, 20718, 20802, 20726, 20718, 20744
20030, 20025, 20022, 20014, 20034, 20044, 20031, 20025, 20022, 20013
20290, 20283, 20317, 20294, 20299, 20308, 20277, 20298, 20297, 20275
20747, 20755, 20732, 20729, 20715, 20718, 20736, 20734, 20735, 20750
20871, 21022, 20909, 20886, 20876, 20873, 20856, 20885, 20855, 20856
20499, 20508, 20519, 20522, 20648, 20597, 20512, 20811, 20546, 20513
20213, 20207, 20201, 20493, 20278, 20212, 20197, 20204, 20195, 20190
21275, 21299, 21291, 21260, 21293, 21269, 21264, 21260, 21275, 21276
20205, 20214, 20206, 20198, 20227, 20214, 20204, 20228, 20204, 20198
20961, 20771, 20638, 20665, 20663, 20666, 20658, 20664, 20659, 20647
21241, 21242, 21231, 21260, 21272, 21249, 21267, 21253, 21270, 21283
20530, 20532, 20515, 20483, 20504, 20497, 20497, 20497, 20498, 20482
20523, 20405, 20399, 20426, 20412, 20403, 20388, 20394, 20434, 20397
20694, 20700, 20700, 20703, 20711, 20700, 20733, 20711, 20706, 20996
20145, 20151, 20152, 20152, 20173, 20155, 20152, 20144, 20162, 20150
20397, 20384, 20403, 20392, 20380, 20390, 20375, 20381, 20392, 20383
20081, 20067, 20056, 20046, 20084, 20095, 20060, 20078, 20068, 20082
19940, 19931, 19937, 19933, 19948, 19932, 19925, 19968, 19933, 19953
20218, 20199, 20203, 20197, 20197, 20211, 20203, 20212, 20202, 20211
20030, 20029, 19999, 20016, 20023, 20008, 20022, 20032, 20012, 20027
20069, 20060, 20065, 20077, 20066, 20056, 20455, 20153, 20048, 20046
20772, 20776, 20768, 20763, 20780, 20778, 20763, 20755, 20756, 20789
20257, 20257, 20242, 20249, 20254, 20252, 20246, 20257, 20259, 20253
20274, 20256, 20348, 20365, 20245, 20280, 20261, 20249, 20307, 20251
20513, 20520, 20500, 20536, 20517, 20518, 20529, 20524, 20505, 20508
20707, 20741, 20705, 20706, 20710, 20714, 20717, 20707, 20694, 20695
20753, 20751, 20755, 20752, 20754, 20752, 20737, 20727, 20776, 20746
20877, 20880, 20879, 20874, 20863, 20873, 20880, 20868, 20858, 20845
20221, 20216, 20222, 20209, 20241, 20221, 20216, 20196, 20224, 20210
20483, 20471, 20512, 20483, 20495, 20479, 20491, 20491, 20483, 20475
20915, 20898, 20887, 21041, 20911, 20899, 20897, 20887, 20882, 20895
20750, 20773, 20763, 20752, 20744, 20759, 20759, 21035, 20752, 20744
20091, 20013, 20021, 19998, 20019, 20041, 20039, 20023, 20023, 20029
20586, 20582, 20570, 20605, 20593, 20589, 20600, 20581, 20868, 20630
21217, 21236, 21222, 21199, 21218, 21213, 21194, 21190, 21193, 21210
20258, 20249, 20258, 20254, 20309, 20246, 20253, 20252, 20268, 20230
21590, 21586, 21591, 21585, 21597, 21628, 21600, 21607, 21600, 21603
20006, 20139, 19995, 20022, 19986, 20024, 20450, 20047, 20006, 20013
20745, 20769, 20722, 20725, 20759, 20753, 20723, 20734, 20730, 20728
20803, 20801, 20806, 20773, 20789, 20807, 20800, 20777, 20818, 20794
20593, 20554, 20566, 20544, 20566, 20556, 20630, 20609, 20577, 20563
20873, 20865, 20862, 20834, 20871, 20868, 20876, 20931, 21294, 20970
20607, 20609, 20647, 20624, 20644, 20625, 20627, 20624, 20605, 20623
20753, 20721, 20724, 20727, 20752, 20744, 20741, 20707, 20745, 20739
20648, 20661, 20644, 20639, 20646, 20667, 20663, 20675, 20667, 20677
21049, 21062, 21063, 21066, 21087, 21045, 21055, 21073, 21074, 21055
20576, 20557, 20587, 20564, 20568, 20553, 20578, 20548, 20552, 20548
20121, 20119, 20091, 20096, 20100, 20117, 20100, 20109, 20102, 20112
20938, 20970, 20950, 20931, 20935, 20908, 20925, 21121, 21050, 20974
20072, 20063, 20071, 20058, 20052, 20060, 20053, 20311, 20164, 20074
20183, 20180, 20171, 20185, 20156, 20278, 20475, 20203, 20145, 20158
20306, 20343, 20342, 20314, 20646, 20359, 20340, 20331, 20353, 20335
20775, 20771, 20781, 20774, 20758, 20756, 20736, 20758, 20768, 20776
20684, 20673, 20648, 20677, 20683, 20658, 20680, 20673, 20665, 20681
20740, 20752, 20741, 20756, 20754, 20742, 20752, 20763, 20751, 20734
19948, 19932, 19976, 19951, 20238, 20225, 19938, 19935, 19950, 19959
20722, 20936, 20718, 20743, 20725, 20717, 20711, 20713, 20707, 20907
21339, 21224, 21221, 21244, 21236, 21222, 21223, 21216, 21230, 21221
19854, 19851, 19836, 19855, 19841, 19862, 19839, 19832, 20120, 19960
20350, 20350, 20357, 20378, 20353, 20377, 20378, 20347, 20356, 20473
20898, 20924, 20909, 20891, 20898, 20887, 20883, 20882, 20895, 20913
20620, 20609, 20612, 20637, 20639, 20625, 20619, 20601, 20641, 20605
20888, 20891, 20885, 20878, 20892, 21035, 20860, 20880, 21168, 20989
20290, 20279, 20282, 20305, 20326, 20291, 20315, 20309, 20311, 20291
20734, 20749, 20757, 20721, 20730, 20733, 20722, 20734, 20725, 20736
20723, 20813, 20687, 20662, 20673, 20676, 20690, 20670, 20659, 20819
20695, 20557, 20564, 20550, 20569, 20563, 20590, 20551, 20552, 20561
21070, 21083, 21082, 21072, 21086, 21228, 21101, 21107, 21094, 21101
20657, 20651, 20694, 20674, 20657, 20648, 20646, 20647, 20650, 20636
21417, 21412, 21670, 21681, 21393, 21417, 21412, 21394, 21397, 21413
20268, 20239, 20256, 20259, 20264, 20268, 20274, 20382, 20553, 20405
20931, 20909, 20926, 20923, 20935, 21129, 21211, 20930, 20924, 20899
20263, 20275, 20271, 20307, 20253, 20437, 20277, 20275, 20278, 20259
20013, 20008, 19996, 20026, 20218, 20153, 20005, 20024, 20018, 20003
20141, 20143, 20145, 20154, 20141, 20339, 20290, 20308, 20171, 20152
21482, 21484, 21479, 21487, 21477, 21467, 21497, 21484, 21474, 21491
21187, 21195, 21219, 21231, 21215, 21189, 21204, 21173, 21185, 21193
20341, 20374, 20665, 20508, 20374, 20364, 20366, 20376, 20359, 20373
21220, 21225, 21230, 21337, 21503, 21287, 21241, 21236, 21239, 21219
20725, 20727, 20708, 20710, 20690, 20703, 20731, 20731, 20734, 20731
20582, 20576, 20561, 20697, 20599, 20562, 20572, 20567, 20541, 20579
20123, 20116, 20124, 20132, 20154, 20147, 20133, 20148, 20124, 20145
21035, 21029, 21019, 21001, 21017, 21027, 21009, 21015, 21018, 21006
20775, 20785, 20776, 20771, 20758, 20766, 20778, 20759, 20787, 20758
20750, 20739, 20734, 20719, 20747, 20741, 20727, 20745, 20716, 20729
21327, 21318, 21324, 21354, 21355, 21351, 21339, 21356, 21363, 21344
21150, 21137, 21151, 21132, 21149, 21140, 21146, 21112, 21148, 21149
20214, 20203, 20225, 20214, 20211, 20205, 20195, 20240, 20210, 20217
20796, 20789, 20940, 20925, 20788, 20810, 20788, 20788, 20791, 20763
19915, 19918, 19925, 19970, 19951, 19959, 19923, 19944, 19936, 19943
20856, 20861, 20856, 20859, 20858, 20856, 20861, 20859, 20860, 20860
21086, 21055, 21070, 21063, 21084, 21060, 21050, 21072, 21099, 21101
20129, 20071, 20070, 20080, 20066, 20070, 20101, 20063, 20070, 20075
21093, 21120, 21127, 21117, 21138, 21129, 21219, 21297, 21132, 21122
20771, 20840, 21053, 20925, 20759, 20763, 20779, 20753, 20760, 20774
20458, 20451, 20455, 20469, 20436, 20442, 20459, 20460, 20459, 20469
21146, 21157, 21177, 21149, 21146, 21145, 21175, 21136, 21116, 21158
21225, 21214, 21206, 21218, 21356, 21336, 21231, 21223, 21234, 21242
20345, 20350, 20343, 20363, 20352, 20360, 20347, 20350, 20352, 20432
20999, 20988, 20986, 21254, 20958, 20982, 20978, 20969, 21003, 20983
20409, 20431, 20412, 20430, 20428, 20421, 20434, 20424, 20397, 20405
20394, 20399, 20395, 20396, 20412, 20393, 20405, 20382, 20382, 20391
19974, 19986, 20015, 19982, 19988, 20001, 19998, 19991, 20353, 19989
20170, 20131, 20151, 20162, 20141, 20155, 20157, 20148, 20136, 20162
20267, 20277, 20266, 20263, 20284, 20578, 20400, 20273, 20275, 20250
20310, 20296, 20304, 20294, 20294, 20337, 20334, 20313, 20333, 20313
21232, 21220, 21231, 21240, 21207, 21219, 21228, 21189, 21202, 21221
20066, 20098, 20100, 20098, 20106, 20078, 20086, 20085, 20086, 20064
20061, 20046, 20043, 20041, 20041, 20272, 20052, 20032, 20062, 20033
20458, 20468, 20453, 20450, 20454, 20446, 20484, 20475, 20456, 20474
21483, 21573, 21643, 21496, 21523, 21493, 21503, 21507, 21520, 21508
20465, 20432, 20465, 20445, 20458, 20453, 20447, 20441, 20452, 20427
20678, 20653, 20642, 20639, 20658, 20643, 20642, 20652, 20643, 20679
20210, 20214, 20216, 20212, 20201, 20216, 20198, 20237, 20218, 20225
20080, 20070, 20090, 20084, 20078, 20064, 20085, 20078, 20142, 20358
20039, 20020, 20027, 20032, 20031, 20032, 20037, 20023, 20034, 20019
21128, 21151, 21131, 21138, 21148, 21137, 21151, 21118, 21124, 21144
20887, 20864, 20881, 20875, 20858, 20856, 20870, 20864, 20892, 20878
21141, 21145, 21132, 21142, 21143, 21172, 21168, 21161, 21162, 21142
20706, 20701, 20732, 20729, 20717, 20697, 20715, 20706, 20710, 20688
20855, 20841, 20849, 20843, 20846, 20840, 20835, 20852, 20851, 20848
20885, 20886, 20934, 20872, 20867, 20881, 20875, 20882, 20879, 20866
20938, 20942, 20925, 20907, 20919, 20950, 20946, 20937, 20935, 20941
21069, 20896, 20898, 20920, 20892, 20908, 20868, 20907, 20879, 20897
19947, 19972, 19961, 19951, 19967, 19968, 19964, 19960, 19963, 19951
20241, 20231, 20227, 20225, 20206, 20204, 20228, 20218, 20249, 20234
20305, 20508, 20457, 20327, 20316, 20299, 20334, 20305, 20314, 20324
21011, 20911, 20753, 20761, 20776, 20741, 20728, 20744, 20802, 20757
20238, 20219, 20262, 20224, 20224, 20246, 20227, 20258, 20233, 20225
20216, 20209, 20213, 20214, 20205, 20205, 20197, 20206, 20200, 20216
20998, 21016, 21022, 21026, 20998, 21018, 21007, 21023, 21015, 21014
21216, 21234, 21227, 21213, 21238, 21231, 21220, 21223, 21207, 21216
21086, 21079, 21208, 21258, 21086, 21099, 21100, 21098, 21075, 21104
20093, 20059, 20062, 20054, 20067, 20075, 20055, 20070, 20060, 20092
20253, 20274, 20280, 20273, 20260, 20263, 20254, 20346, 20326, 20273
21324, 21337, 21342, 21342, 21333, 21416, 21333, 21303, 21315, 21311
20950, 20934, 20948, 21154, 21094, 21103, 20934, 20956, 25287, 20956
21123, 21072, 21133, 21218, 21086, 21113, 21096, 21194, 21184, 21114
19917, 19926, 19907, 19913, 19926, 19922, 19931, 19945, 19910, 19930
20064, 20075, 20071, 20087, 20062, 20059, 20065, 20067, 20047, 20063
20754, 20766, 20801, 20760, 20772, 20762, 20761, 20765, 20739, 20773
21078, 21064, 21080, 21064, 21074, 21078, 21050, 21066, 21099, 21077
20601, 20614, 20606, 20622, 20601, 20597, 20615, 20597, 20617, 20599
20188, 20158, 20174, 20181, 20182, 20421, 20160, 20185, 20181, 20174
20126, 20142, 20150, 20134, 20140, 20143, 20149, 20152, 20131, 20151
20193, 20226, 20192, 20177, 20178, 20175, 20168, 20170, 20172, 20167
20716, 20696, 20697, 20712, 20699, 20714, 20700, 20709, 20727, 20712
20708, 20716, 20724, 21015, 20844, 20730, 20871, 20877, 20723, 20712
20402, 20399, 20400, 20369, 20437, 20405, 20407, 20411, 20394, 20398
20780, 20775, 20772, 20765, 20770, 20769, 20761, 20759, 20745, 20759
21107, 21068, 21061, 21077, 21068, 21086, 21077, 21068, 21068, 21067
21150, 21153, 21144, 21153, 21138, 21156, 21163, 21155, 21150, 21152
20738, 20744, 20744, 20723, 20740, 20735, 20754, 20742, 20731, 20729
21055, 21058, 21078, 21052, 21050, 21163, 21035, 21052, 21035, 21041
20458, 20428, 20425, 20423, 20422, 20429, 20433, 20411, 20413, 20421
21378, 21363, 21655, 21530, 21384, 21351, 21371, 21378, 21613, 21645
20377, 20374, 20379, 20361, 20397, 20365, 20385, 20388, 20380, 20380
21128, 21159, 21152, 21288, 21127, 21142, 21121, 21133, 21137, 21137
20253, 20213, 20224, 20215, 20216, 20221, 20228, 20232, 20244, 20224
20095, 20104, 20101, 20102, 20092, 20088, 20097, 20238, 20111, 20093
20382, 20357, 20359, 20370, 20359, 20401, 20373, 20397, 20379, 20497
20115, 20087, 20102, 20112, 20090, 20071, 20078, 20058, 20074, 20097
19999, 20030, 20025, 20176, 20165, 20146, 20017, 20022, 20024, 20024
20896, 20873, 20892, 20877, 21172, 20980, 20879, 20882, 20899, 20874
21109, 21093, 21077, 21081, 21076, 21091, 21115, 21088, 21105, 21105
20816, 20808, 20799, 20805, 20825, 20819, 20791, 20774, 20766, 20795
20343, 20327, 20357, 20348, 20338, 20343, 20347, 20356, 20615, 20403
20560, 20543, 20538, 20525, 20536, 20536, 20533, 20539, 20701, 20538
20979, 20995, 20967, 20975, 20962, 20956, 20967, 20979, 20981, 20971
21022, 21012, 21003, 20993, 21024, 21009, 21005, 21011, 20988, 20997
21201, 21200, 21192, 21201, 21189, 21228, 21216, 21222, 21202, 21360
21009, 20984, 20994, 20979, 20980, 20982, 20980, 20974, 21004, 20975
20978, 21033, 20685, 20682, 20685, 20664, 20696, 20829, 20704, 20692
20335, 20362, 20333, 20336, 20345, 20340, 20349, 20342, 20336, 20322
19929, 19931, 19936, 19939, 19944, 19951, 19958, 19943, 19929, 19946
21042, 21054, 21028, 21032, 21036, 21046, 21051, 21068, 21065, 21066
21060, 21049, 21053, 21050, 21053, 21045, 21027, 21064, 21045, 21159
20677, 20671, 20668, 20670, 20666, 20842, 20897, 20655, 20664, 20644
20807, 20789, 20803, 20816, 20806, 20812, 20797, 20803, 20792, 20809
20668, 20684, 20671, 20666, 20666, 20672, 20673, 20665, 20651, 20648
20080, 20334, 20200, 20114, 20029, 20039, 20061, 20045, 20074, 20064
20015, 20019, 20010, 20012, 20003, 20098, 20280, 20223, 20003, 20003
20217, 20207, 20199, 20199, 20214, 20204, 20208, 20354, 20220, 20220
21054, 21051, 21083, 21062, 21081, 21058, 21058, 21063, 21063, 21076
21210, 21207, 21208, 21222, 21228, 21224, 21229, 21224, 21548, 21349
19869, 19843, 19839, 19848, 19835, 19832, 19850, 19974, 19977, 19854
20603, 20603, 20601, 20589, 20638, 20627, 20620, 20609, 20617, 20582
20119, 20062, 19997, 19962, 19988, 19979, 19986, 19961, 19978, 19975
19933, 19927, 19916, 19919, 19902, 19907, 19949, 19928, 19935, 19933
21169, 21039, 21054, 21040, 21041, 21041, 21038, 21055, 21053, 21042
20964, 20982, 20894, 20887, 20876, 20918, 20903, 20906, 20890, 20911
20799, 20802, 20803, 20818, 20805, 20809, 20817, 20820, 20788, 20801
21084, 21102, 21094, 21089, 21087, 21107, 21086, 21089, 21082, 21106
21045, 21060, 21065, 21051, 21064, 21074, 21064, 21081, 21081, 21066
20059, 20049, 20061, 20048, 20039, 20067, 20066, 20055, 20050, 20054
20285, 20510, 20377, 20233, 20243, 20235, 20218, 20211, 20208, 20210
20683, 20667, 20672, 20704, 20673, 20680, 20684, 20686, 20678, 20683
