8325, 8202, 8169, 8214, 8176, 8186, 8215, 8207, 8173, 8208
4430, 4470, 4470, 4428, 4467, 4378, 4456, 4465, 4457, 4395
4072, 4075, 4080, 4065, 4073, 4072, 4064, 4073, 4079, 4078
3936, 3941, 3964, 3944, 3951, 3943, 3952, 3936, 3956, 3945
4454, 4418, 4410, 4438, 4416, 4420, 4412, 4424, 4433, 4418
4401, 4474, 4482, 4465, 4478, 4414, 4489, 4443, 4445, 4410
4306, 4390, 4345, 4319, 4348, 4336, 4313, 4309, 4311, 4323
4383, 4370, 4441, 4363, 4390, 4373, 4368, 4422, 4385, 4433
4430, 4440, 4435, 4416, 4422, 4440, 4414, 4470, 4408, 4413
4381, 4407, 4377, 4379, 4392, 4396, 4383, 4379, 4380, 4374
4472, 4522, 4475, 4564, 4539, 4499, 4526, 4506, 4540, 4528
4435, 4416, 4406, 4450, 4368, 4370, 4365, 4364, 4422, 4365
4322, 4324, 4308, 4345, 4310, 4314, 4343, 4313, 4313, 4306
4290, 4298, 4288, 4306, 4302, 4312, 4301, 4294, 4294, 4304
4403, 4348, 4351, 4331, 4376, 4362, 4398, 4372, 4335, 4336
4383, 4378, 4372, 4397, 4409, 4380, 4387, 4377, 4393, 4380
4355, 4353, 4351, 4376, 4373, 4370, 4363, 4382, 4384, 4366
4272, 4304, 4327, 4335, 4282, 4348, 4359, 4272, 4286, 4266
4314, 4355, 4325, 4324, 4332, 4334, 4311, 4314, 4316, 4315
4340, 4344, 4380, 4341, 4330, 4328, 4338, 4335, 4332, 4351
4446, 4384, 4396, 4382, 4441, 4390, 4386, 4445, 4377, 4385
4386, 4402, 4415, 4386, 4381, 4387, 4396, 4415, 4398, 4383
4389, 4349, 4359, 4357, 4348, 4342, 4372, 4356, 4378, 4354
4405, 4428, 4416, 4417, 4412, 4462, 4400, 4412, 4418, 4417
4440, 4450, 4425, 4440, 4430, 4426, 4433, 4427, 4441, 4430
4353, 4365, 4370, 4371, 4373, 4353, 4367, 4356, 4367, 4377
4378, 4367, 4362, 4383, 4365, 4447, 4369, 4474, 4469, 4470
4523, 4503, 4423, 4421, 4419, 4419, 4426, 4420, 4428, 4424
4436, 4438, 4457, 4434, 4448, 4505, 4431, 4509, 4448, 4505
4323, 4324, 4352, 4325, 4329, 4355, 4335, 4341, 4326, 4332
4321, 4332, 4332, 4330, 4319, 4323, 4315, 4339, 4334, 4317
4323, 4320, 4318, 4308, 4316, 4335, 4328, 4325, 4311, 4311
4438, 4435, 4488, 4435, 4469, 4475, 4480, 4440, 4434, 4450
4426, 4435, 4431, 4437, 4432, 4473, 4423, 4426, 4499, 4457
4413, 4460, 4443, 4398, 4434, 4437, 4397, 4389, 4433, 4423
4397, 4382, 4395, 4388, 4386, 4380, 4372, 4391, 4389, 4389
4341, 4292, 4299, 4325, 4305, 4323, 4340, 4289, 4311, 4322
4452, 4400, 4410, 4392, 4394, 4399, 4440, 4469, 4463, 4416
4415, 4388, 4366, 4361, 4406, 4360, 4386, 4375, 4369, 4446
4437, 4440, 4405, 4404, 4429, 4435, 4413, 4400, 4437, 4416
4431, 4495, 4488, 4459, 4434, 4432, 4430, 4481, 4455, 4493
4401, 4345, 4352, 4334, 4347, 4369, 4376, 4339, 4343, 4397
4285, 4299, 4285, 4288, 4281, 4315, 4274, 4287, 4291, 4297
4447, 4374, 4380, 4430, 4376, 4385, 4435, 4362, 4398, 4370
4373, 4366, 4367, 4354, 4366, 4386, 4373, 4371, 4385, 4387
4312, 4311, 4301, 4317, 4325, 4313, 4353, 4309, 4332, 4321
4483, 4431, 4504, 4433, 4468, 4436, 4492, 4496, 4503, 4502
4322, 4326, 4323, 4326, 4317, 4312, 4327, 4341, 4329, 4330
4468, 4439, 4440, 4520, 4422, 4505, 4446, 4450, 4419, 4472
4436, 4447, 4488, 4435, 4517, 4443, 4433, 4449, 4434, 4498
4351, 4400, 4346, 4363, 4423, 4385, 4405, 4376, 4349, 4426
4418, 4476, 4479, 4409, 4478, 4453, 4418, 4449, 4468, 4465
4458, 4383, 4372, 4372, 4387, 4418, 4390, 4435, 4377, 4433
4318, 4307, 4322, 4319, 4320, 4331, 4333, 4358, 4329, 4322
4441, 4443, 4431, 4445, 4448, 4465, 4432, 4482, 4566, 4528
4450, 4350, 4417, 4443, 4362, 4424, 4346, 4430, 4432, 4353
4444, 4429, 4443, 4454, 4463, 4422, 4426, 4442, 4440, 4444
4496, 4469, 4460, 4453, 4473, 4480, 4491, 4464, 4461, 4489
4301, 4319, 4325, 4305, 4324, 4315, 4298, 4303, 4300, 4313
4380, 4384, 4435, 4376, 4388, 4376, 4399, 4375, 4438, 4390
4441, 4410, 4454, 4470, 4405, 4461, 4398, 4428, 4402, 4471
4472, 4472, 4455, 4467, 4474, 4510, 4488, 4462, 4452, 4447
4400, 4429, 4410, 4399, 4435, 4417, 4417, 4422, 4414, 4401
4419, 4487, 4445, 4467, 4505, 4444, 4455, 4488, 4466, 4486
4416, 4557, 4412, 4465, 4486, 4463, 4394, 4419, 4423, 4395
4394, 4384, 4375, 4373, 4398, 4372, 4390, 4384, 4401, 4392
4312, 4342, 4327, 4341, 4334, 4336, 4335, 4317, 4324, 4312
4387, 4375, 4362, 4427, 4362, 4435, 4372, 4367, 4373, 4359
4366, 4354, 4446, 4443, 4363, 4367, 4397, 4371, 4409, 4399
4395, 4328, 4320, 4406, 4395, 4325, 4328, 4351, 4330, 4330
4420, 4423, 4412, 4438, 4450, 4418, 4420, 4407, 4425, 4422
4463, 4531, 4467, 4456, 4461, 4502, 4490, 4473, 4462, 4501
4390, 4462, 4397, 4405, 4403, 4399, 4388, 4453, 4404, 4426
4487, 4473, 4534, 4477, 4489, 4504, 4477, 4485, 4482, 4518
4422, 4435, 4444, 4452, 4446, 4385, 4401, 4450, 4391, 4430
4482, 4493, 4480, 4454, 4510, 4456, 4527, 4507, 4438, 4460
4394, 4355, 4365, 4365, 4419, 4372, 4364, 4425, 4352, 4386
4433, 4380, 4387, 4387, 4390, 4385, 4394, 4374, 4393, 4375
4394, 4436, 4445, 4453, 4377, 4378, 4406, 4440, 4393, 4414
4453, 4451, 4427, 4422, 4459, 4460, 4427, 4427, 4455, 4429
4377, 4361, 4390, 4368, 4361, 4401, 4371, 4395, 4379, 4392
4405, 4410, 4398, 4388, 4403, 4395, 4398, 4414, 4392, 4396
4425, 4431, 4404, 4430, 4440, 4432, 4384, 4384, 4449, 4423
4312, 4320, 4315, 4324, 4310, 4364, 4376, 4307, 4383, 4307
4396, 4374, 4356, 4351, 4375, 4392, 4373, 4356, 4377, 4355
4302, 4287, 4356, 4297, 4292, 4295, 4290, 4363, 4288, 4283
4372, 4373, 4456, 4469, 4369, 4385, 4449, 4391, 4378, 4374
4395, 4356, 4434, 4355, 4364, 4395, 4439, 4358, 4392, 4428
4432, 4458, 4447, 4436, 4420, 4432, 4449, 4413, 4426, 4434
4392, 4386, 4438, 4388, 4437, 4426, 4419, 4378, 4372, 4444
4459, 4397, 4401, 4453, 4424, 4452, 4390, 4400, 4403, 4460
4378, 4352, 4367, 4408, 4411, 4382, 4457, 4405, 4416, 4419
4418, 4484, 4419, 4497, 4407, 4432, 4448, 4443, 4417, 4407
4421, 4370, 4412, 4338, 4410, 4354, 4335, 4374, 4356, 4373
4336, 4365, 4347, 4336, 4354, 4339, 4341, 4372, 4356, 4363
4370, 4368, 4408, 4374, 4374, 4371, 4367, 4446, 4362, 4375
4416, 4424, 4399, 4402, 4421, 4402, 4404, 4393, 4424, 4424
4280, 4325, 4330, 4298, 4327, 4321, 4292, 4319, 4357, 4298
4269, 4261, 4269, 4261, 4301, 4310, 4350, 4302, 4290, 4265
4400, 4428, 4400, 4387, 4386, 4380, 4376, 4373, 4393, 4366
4463, 4381, 4390, 4453, 4424, 4405, 4457, 4456, 4394, 4443
4401, 4470, 4394, 4393, 4467, 4393, 4426, 4395, 4388, 4443
4342, 4311, 4313, 4319, 4314, 4317, 4348, 4317, 4338, 4313
4321, 4341, 4314, 4305, 4318, 4319, 4313, 4366, 4305, 4315
4299, 4296, 4339, 4278, 4321, 4323, 4293, 4352, 4273, 4285
4439, 4451, 4436, 4427, 4441, 4455, 4444, 4462, 4447, 4437
4367, 4421, 4433, 4398, 4394, 4432, 4365, 4357, 4399, 4419
4433, 4329, 4330, 4320, 4327, 4327, 4351, 4363, 4352, 4365
4302, 4283, 4310, 4288, 4299, 4313, 4324, 4307, 4297, 4287
4387, 4379, 4379, 4380, 4366, 4413, 4370, 4382, 4379, 4376
4437, 4378, 4370, 4377, 4371, 4380, 4405, 4373, 4374, 4390
4387, 4372, 4387, 4375, 4376, 4386, 4387, 4403, 4389, 4383
4337, 4341, 4337, 4342, 4338, 4343, 4331, 4334, 4354, 4359
4323, 4369, 4300, 4306, 4360, 4323, 4311, 4329, 4340, 4298
4416, 4409, 4412, 4510, 4398, 4413, 4522, 4540, 4448, 4416
4382, 4379, 4407, 4386, 4379, 4378, 4373, 4380, 4391, 4384
4317, 4349, 4316, 4325, 4327, 4340, 4327, 4316, 4315, 4331
4420, 4420, 4377, 4370, 4382, 4411, 4403, 4378, 4377, 4409
4344, 4352, 4366, 4354, 4372, 4359, 4359, 4390, 4366, 4351
4459, 4449, 4463, 4406, 4408, 4399, 4431, 4401, 4397, 4466
4376, 4361, 4379, 4400, 4367, 4372, 4393, 4368, 4394, 4384
4427, 4423, 4426, 4440, 4417, 4464, 4415, 4444, 4439, 4426
4357, 4361, 4364, 4361, 4364, 4358, 4371, 4374, 4387, 4381
4294, 4285, 4283, 4273, 4271, 4330, 4301, 4351, 4273, 4278
4411, 4349, 4366, 4391, 4361, 4345, 4350, 4357, 4388, 4429
4421, 4391, 4400, 4457, 4434, 4413, 4423, 4421, 4394, 4454
4417, 4483, 4419, 4406, 4413, 4418, 4408, 4463, 4413, 4441
4450, 4449, 4400, 4365, 4350, 4405, 4346, 4437, 4363, 4441
4435, 4390, 4352, 4388, 4368, 4396, 4359, 4408, 4361, 4423
4451, 4442, 4536, 4498, 4468, 4537, 4442, 4453, 4547, 4521
4363, 4314, 4343, 4285, 4346, 4308, 4292, 4345, 4322, 4310
4494, 4441, 4448, 4460, 4440, 4454, 4548, 4526, 4545, 4556
4559, 4542, 4523, 4434, 4418, 4439, 4457, 4430, 4447, 4428
4360, 4365, 4355, 4380, 4358, 4364, 4370, 4369, 4357, 4397
4324, 4357, 4337, 4346, 4322, 4327, 4336, 4339, 4329, 4335
4319, 4321, 4340, 4316, 4311, 4322, 4303, 4309, 4328, 4331
4431, 4410, 4408, 4435, 4409, 4398, 4405, 4403, 4405, 4408
4353, 4357, 4437, 4409, 4361, 4365, 4397, 4370, 4369, 4445
4348, 4288, 4295, 4295, 4306, 4291, 4294, 4292, 4310, 4326
4373, 4358, 4349, 4373, 4318, 4341, 4325, 4407, 4320, 4351
4402, 4432, 4408, 4408, 4397, 4387, 4425, 4389, 4409, 4401
4319, 4331, 4331, 4335, 4320, 4319, 4351, 4316, 4336, 4327
4325, 4314, 4301, 4372, 4306, 4292, 4334, 4320, 4329, 4368
4353, 4370, 4361, 4375, 4389, 4374, 4449, 4359, 4383, 4401
4434, 4462, 4451, 4403, 4397, 4394, 4392, 4474, 4465, 4483
4415, 4406, 4532, 4493, 4511, 4493, 4399, 4405, 4418, 4398
4400, 4411, 4396, 4407, 4414, 4407, 4396, 4391, 4397, 4412
4487, 4399, 4445, 4382, 4491, 4490, 4557, 4477, 4484, 4376
4433, 4388, 4341, 4371, 4354, 4418, 4358, 4415, 4433, 4381
4438, 4430, 4502, 4421, 4421, 4493, 4425, 4435, 4487, 4461
4445, 4426, 4451, 4434, 4432, 4440, 4440, 4432, 4425, 4456
4389, 4382, 4418, 4403, 4388, 4390, 4398, 4391, 4410, 4401
4453, 4443, 4444, 4448, 4445, 4465, 4461, 4468, 4456, 4451
4421, 4497, 4425, 4479, 4485, 4420, 4487, 4420, 4446, 4460
4457, 4513, 4452, 4520, 4520, 4453, 4483, 4467, 4456, 4455
4352, 4336, 4331, 4344, 4340, 4345, 4322, 4339, 4314, 4329
4402, 4392, 4454, 4482, 4478, 4437, 4391, 4421, 4394, 4381
4317, 4411, 4336, 4319, 4348, 4356, 4395, 4323, 4337, 4317
4350, 4268, 4321, 4306, 4273, 4283, 4344, 4276, 4316, 4325
4413, 4441, 4392, 4434, 4478, 4419, 4406, 4380, 4434, 4425
4367, 4530, 4375, 4493, 4366, 4425, 4375, 4361, 4445, 4390
4392, 4375, 4368, 4392, 4374, 4409, 4385, 4378, 4372, 4377
4369, 4405, 4385, 4389, 4374, 4385, 4385, 4379, 4435, 4432
4386, 4396, 4405, 4402, 4382, 4431, 4381, 4400, 4381, 4377
4359, 4385, 4420, 4405, 4362, 4338, 4405, 4413, 4353, 4383
4464, 4461, 4449, 4453, 4511, 4451, 4554, 4454, 4447, 4553
4408, 4386, 4377, 4393, 4364, 4400, 4377, 4402, 4379, 4369
4379, 4388, 4382, 4363, 4372, 4381, 4373, 4401, 4379, 4378
4404, 4397, 4409, 4418, 4407, 4426, 4392, 4390, 4389, 4409
4421, 4424, 4441, 4435, 4421, 4426, 4422, 4407, 4428, 4442
4465, 4462, 4474, 4531, 4472, 4440, 4453, 4461, 4449, 4453
4337, 4345, 4337, 4341, 4419, 4334, 4346, 4355, 4335, 4331
4470, 4496, 4483, 4418, 4408, 4477, 4424, 4428, 4500, 4447
4380, 4376, 4393, 4377, 4367, 4372, 4373, 4373, 4403, 4363
4364, 4368, 4374, 4366, 4389, 4399, 4364, 4389, 4363, 4367
4473, 4512, 4409, 4414, 4449, 4419, 4410, 4401, 4482, 4401
4475, 4513, 4461, 4491, 4446, 4505, 4456, 4462, 4489, 4446
4344, 4337, 4401, 4326, 4406, 4358, 4323, 4331, 4327, 4328
4358, 4352, 4360, 4422, 4376, 4383, 4393, 4437, 4420, 4430
4372, 4399, 4342, 4377, 4337, 4316, 4322, 4397, 4328, 4341
4381, 4372, 4373, 4422, 4381, 4377, 4404, 4407, 4371, 4390
4361, 4400, 4353, 4371, 4366, 4368, 4392, 4349, 4400, 4375
4370, 4442, 4364, 4404, 4451, 4387, 4374, 4371, 4434, 4439
4364, 4376, 4371, 4356, 4359, 4386, 4366, 4420, 4400, 4374
4455, 4465, 4450, 4462, 4535, 4463, 4513, 4448, 4527, 4448
4389, 4435, 4398, 4399, 4385, 4395, 4440, 4472, 4382, 4403
4316, 4299, 4327, 4292, 4289, 4282, 4298, 4386, 4333, 4303
4389, 4403, 4393, 4415, 4405, 4402, 4399, 4393, 4381, 4386
4406, 4419, 4401, 4410, 4403, 4398, 4399, 4418, 4422, 4402
4374, 4377, 4374, 4394, 4369, 4367, 4392, 4395, 4373, 4372
4299, 4307, 4306, 4340, 4305, 4365, 4310, 4295, 4339, 4302
4342, 4345, 4345, 4355, 4347, 4351, 4343, 4393, 4402, 4336
4424, 4470, 4437, 4477, 4433, 4448, 4451, 4418, 4420, 4427
4451, 4460, 4449, 4489, 4456, 4532, 4525, 4533, 4467, 4447
4433, 4436, 4419, 4419, 4418, 4417, 4434, 4460, 4426, 4417
4391, 4403, 4387, 4395, 4395, 4395, 4407, 4405, 4396, 4384
4361, 4417, 4410, 4432, 4417, 4352, 4378, 4369, 4369, 4429
4535, 4460, 4452, 4447, 4461, 4448, 4450, 4523, 4480, 4506
4474, 4491, 4430, 4430, 4441, 4440, 4486, 4507, 4438, 4520
4430, 4398, 4369, 4368, 4375, 4426, 4382, 4417, 4421, 4452
4424, 4465, 4421, 4432, 4440, 4424, 4392, 4422, 4449, 4406
4393, 4369, 4408, 4375, 4395, 4378, 4381, 4425, 4389, 4379
4373, 4369, 4375, 4399, 4393, 4380, 4371, 4367, 4392, 4377
4477, 4397, 4407, 4396, 4401, 4401, 4480, 4429, 4398, 4398
