47043, 47857, 47066, 47245, 47202, 47076, 47143, 47115, 47151, 47156
15551, 15567, 15548, 15585, 15562, 15560, 15550, 15601, 15553, 15566
14956, 14955, 14958, 14946, 15074, 14954, 14926, 14919, 14940, 14974
15304, 15256, 15244, 15247, 15297, 15371, 15323, 15309, 15260, 15279
15177, 15278, 15179, 15583, 15169, 15176, 15189, 15199, 15183, 15206
15746, 15730, 15753, 15725, 15679, 15715, 15731, 15714, 15695, 15678
15691, 15718, 15725, 15767, 15679, 15679, 15706, 15666, 15676, 15656
15553, 15680, 15571, 15558, 15612, 15572, 15571, 15560, 15591, 15560
15337, 15357, 15332, 15343, 15381, 15340, 15341, 15314, 15333, 15347
15316, 15437, 15303, 15338, 15316, 15312, 15317, 15317, 15307, 15298
15788, 15816, 15779, 15790, 15764, 15804, 15786, 15773, 15759, 15765
15979, 15906, 15903, 15892, 15917, 15876, 15860, 15890, 15892, 15860
15431, 15419, 15428, 15428, 15412, 15396, 15428, 15481, 15747, 15615
15562, 15555, 15565, 15543, 15609, 15570, 15574, 15555, 15534, 15555
15805, 15837, 15822, 15831, 15878, 15840, 15795, 15840, 15831, 15820
15418, 15355, 15407, 15392, 15407, 15385, 15363, 15368, 15358, 15362
15557, 15459, 15478, 15502, 15456, 15471, 15436, 15449, 15459, 15479
15716, 15716, 15754, 15836, 16077, 15730, 15742, 15762, 15735, 15715
15360, 15336, 15303, 15388, 15320, 15314, 15331, 15388, 15298, 15338
15542, 15560, 15972, 15581, 15585, 15534, 15563, 15534, 15782, 15550
15809, 15440, 15447, 15541, 15457, 15462, 15454, 15441, 15428, 15459
15400, 15416, 15395, 15403, 15401, 15415, 15411, 15393, 15773, 15383
15362, 15338, 15324, 15318, 15316, 15348, 15340, 15328, 15319, 15318
15457, 15520, 15454, 15410, 15482, 15417, 15527, 15417, 15472, 15420
15331, 15343, 15462, 15320, 15311, 15316, 15310, 15311, 15301, 15301
15421, 15440, 15414, 15444, 15437, 15440, 15420, 15432, 15501, 15447
15265, 15362, 15620, 15283, 15267, 15265, 15248, 15262, 15261, 15390
15410, 15431, 15453, 15691, 15406, 15636, 15405, 15399, 15406, 15393
15784, 15781, 15789, 15779, 15783, 15787, 15811, 15805, 15810, 15777
15552, 15538, 15507, 15545, 15538, 15551, 15520, 15553, 15595, 15627
15541, 15573, 15588, 15542, 15605, 15549, 15549, 15550, 15556, 15502
15409, 15387, 15400, 15372, 15391, 15375, 15435, 15396, 15391, 15363
15711, 15712, 15728, 15748, 15788, 15740, 15738, 15829, 15714, 15725
15501, 15442, 15467, 15458, 15471, 15449, 15499, 15731, 15471, 15478
15784, 15424, 15575, 15446, 15450, 15458, 15469, 15449, 15420, 15482
15370, 15372, 15411, 15394, 15364, 15369, 15352, 15393, 15378, 15453
15739, 15565, 15371, 15403, 15830, 15367, 15400, 15393, 15437, 15362
15426, 15741, 15502, 15451, 15419, 15408, 15437, 15434, 15422, 15466
15586, 15569, 15580, 15614, 15579, 15620, 15586, 15581, 15583, 15586
15393, 15407, 15370, 15441, 15400, 15399, 15421, 15399, 15406, 15394
15514, 15489, 15483, 15459, 15497, 15482, 15471, 15531, 15502, 15472
15713, 15747, 15688, 15696, 15712, 15754, 15723, 15714, 15756, 16227
15525, 15528, 15539, 15526, 15540, 16014, 15851, 15674, 15513, 15547
15652, 15668, 15638, 15666, 15661, 15701, 15706, 15646, 15653, 15663
15377, 15374, 15388, 15383, 15514, 15434, 15380, 15368, 15360, 15366
15354, 15370, 15363, 15310, 15358, 15320, 15360, 15325, 15381, 15379
15409, 15432, 15518, 15434, 15402, 15400, 15415, 15468, 15424, 15735
15547, 15528, 15572, 15524, 15539, 15577, 15620, 15852, 15658, 15544
15448, 15473, 15482, 15445, 15521, 15516, 15448, 15438, 15452, 15461
15574, 15558, 15579, 15645, 15572, 15596, 15636, 15601, 15600, 15593
15999, 16228, 16355, 16315, 15997, 16001, 16045, 16027, 16028, 16059
15405, 15464, 15414, 15403, 15452, 15452, 15433, 15645, 15509, 15415
15822, 15885, 15881, 15867, 15900, 15848, 15850, 15850, 15841, 15824
15382, 15395, 15418, 15399, 15383, 15420, 15429, 15439, 15424, 15400
15562, 15619, 15582, 15571, 15638, 15565, 15558, 15568, 15559, 15567
15832, 15801, 15869, 15779, 15800, 15774, 15859, 15816, 15814, 15826
15500, 15499, 15507, 15538, 15511, 15496, 15514, 15492, 15514, 15530
15325, 15302, 15314, 15524, 15318, 15326, 15308, 15315, 15334, 15319
15555, 15587, 15589, 15557, 15562, 15585, 15906, 15563, 15680, 15591
15968, 16107, 15986, 16013, 15996, 15953, 15949, 15959, 15974, 15961
15720, 15481, 15515, 15495, 15521, 15487, 15483, 15489, 15466, 15486
15555, 15457, 15438, 15420, 15423, 15416, 15627, 15420, 15431, 15413
15252, 15241, 15236, 15229, 15219, 15226, 15233, 15248, 15251, 15237
15452, 15535, 15428, 15461, 15756, 15438, 15449, 15439, 15433, 15428
15746, 15750, 15756, 15866, 15785, 15951, 15735, 15771, 15745, 15832
15320, 15358, 15324, 15338, 15322, 15314, 15528, 15379, 15652, 15642
15257, 15269, 15283, 15275, 15276, 15277, 15231, 15261, 15257, 15271
15842, 15849, 15843, 15819, 15859, 15829, 15830, 15819, 15857, 16185
15684, 15701, 15701, 15977, 15716, 15704, 15702, 15726, 15681, 15997
15917, 15933, 15932, 15900, 15962, 15907, 15914, 16012, 15945, 16042
15233, 15228, 15238, 15360, 15251, 15224, 15262, 15235, 15237, 15252
15867, 15696, 15689, 15662, 15653, 15677, 15672, 15656, 15657, 15687
15389, 15393, 15391, 15378, 15462, 15366, 15407, 15389, 15403, 15373
15705, 15733, 15698, 15716, 15738, 15709, 15718, 15724, 15727, 15736
15586, 15593, 15628, 15586, 15643, 15600, 15592, 15590, 15677, 15588
15650, 15616, 15616, 15637, 15952, 15822, 15631, 15621, 15665, 15620
15853, 15875, 15863, 15843, 15842, 15845, 15833, 15820, 15850, 15851
15367, 15369, 15343, 15376, 15319, 15314, 15357, 15338, 15340, 15360
15886, 15930, 15903, 15905, 15946, 15917, 15881, 15967, 15906, 15885
15452, 15485, 15465, 15470, 15441, 15450, 15538, 15487, 15461, 15441
15509, 15731, 15440, 15467, 15414, 15411, 15398, 15416, 15424, 15420
15164, 15165, 15160, 15150, 15156, 15212, 15181, 15162, 15167, 15359
15715, 15765, 15738, 15690, 15722, 15738, 15736, 15719, 15767, 15733
15798, 15827, 15831, 15780, 15796, 15798, 15809, 15786, 16046, 15795
15560, 15576, 15587, 15614, 15556, 15556, 15651, 15582, 15589, 15647
15830, 15777, 15775, 15785, 15787, 15827, 15844, 15812, 15805, 15786
15646, 15632, 15610, 15608, 15610, 15604, 15605, 15625, 15711, 15617
15737, 15715, 15715, 15713, 15758, 16031, 15989, 15731, 15724, 15736
15576, 15585, 15543, 15559, 15556, 15589, 15544, 15551, 15538, 15608
16075, 15705, 15743, 15718, 15767, 15709, 15718, 15745, 15710, 15803
15517, 15467, 15435, 15441, 15779, 15497, 15451, 15455, 15529, 15421
15563, 15559, 15560, 15817, 15564, 15562, 15515, 15563, 15552, 15567
15718, 15735, 15701, 15817, 15783, 15718, 15730, 15740, 15721, 15762
15646, 15650, 15640, 15637, 15699, 15618, 15614, 15644, 15634, 15688
15228, 15259, 15233, 15222, 15222, 15268, 15220, 15227, 15205, 15229
15578, 15573, 15581, 15629, 15586, 15582, 15592, 15601, 15590, 15608
15555, 15578, 15558, 15547, 15536, 15629, 15566, 15553, 15541, 15554
15741, 15731, 15766, 15750, 15770, 15799, 15708, 15719, 15758, 15737
15686, 15731, 15733, 15709, 15701, 15708, 15769, 15727, 15699, 15725
15236, 15254, 15384, 15241, 15252, 15227, 15233, 15244, 15251, 15258
15830, 15849, 15898, 15864, 15876, 15812, 15895, 15823, 15881, 15836
15557, 15583, 15562, 15582, 15578, 15558, 15568, 15596, 15546, 15579
15425, 15426, 15431, 15412, 15414, 15414, 15435, 15426, 15431, 15471
15868, 15784, 15801, 15805, 15788, 15806, 15772, 15788, 15811, 15777
15602, 15622, 15603, 15648, 15602, 15604, 15640, 15673, 15634, 15615
15467, 15775, 15856, 15626, 15494, 15570, 15488, 15457, 15466, 15527
15838, 15838, 15877, 15844, 15858, 15834, 15851, 15816, 15831, 15846
15497, 15480, 15511, 15810, 15502, 15498, 15474, 15474, 15472, 15488
15580, 15881, 15596, 15604, 15616, 15645, 15640, 15604, 15580, 15610
15647, 15244, 15241, 15262, 15244, 15239, 15282, 15271, 15246, 15238
15536, 15608, 15510, 15496, 15477, 15521, 15499, 15483, 15506, 15513
15322, 15329, 15727, 15334, 15329, 15310, 15330, 15649, 15329, 15330
15602, 15603, 15584, 15603, 15635, 15575, 15602, 15637, 15592, 15578
15693, 15676, 15810, 15681, 15800, 15704, 15695, 15668, 15709, 15666
15175, 15192, 15177, 15209, 15172, 15155, 15163, 15157, 15175, 15156
15316, 15311, 15294, 15333, 15319, 15301, 15314, 15297, 15287, 15310
15312, 15397, 15623, 15359, 15310, 15341, 15332, 15328, 15331, 15324
15880, 16084, 15750, 15717, 15730, 15734, 15740, 15687, 15714, 15707
15591, 15575, 15589, 15581, 15572, 15644, 15603, 15597, 15598, 16166
15749, 15743, 15746, 15755, 15761, 15737, 15758, 15749, 15745, 15733
15328, 15311, 15295, 15314, 15317, 15305, 15334, 15338, 15338, 15357
15430, 15663, 15645, 15426, 15409, 15408, 15769, 15420, 15439, 15423
15546, 15624, 15535, 15654, 15864, 15526, 15582, 15525, 15646, 15562
15806, 15703, 15696, 15748, 15708, 15692, 15699, 15774, 15698, 15776
15967, 15962, 15931, 15991, 15949, 15900, 16010, 15999, 16029, 15968
15849, 15840, 15857, 15856, 16047, 16045, 15828, 15849, 15826, 15837
15425, 15451, 15484, 15525, 15482, 15441, 15511, 15475, 15480, 15435
15481, 15487, 15489, 15502, 15481, 15504, 15497, 15626, 15475, 15480
15509, 15476, 15466, 15457, 15478, 15561, 15476, 15461, 15525, 15476
15519, 15500, 15496, 15540, 15521, 15571, 15525, 15527, 15555, 15513
15840, 15784, 15782, 15975, 15811, 15798, 15779, 15776, 15771, 15784
15367, 15207, 15203, 15195, 15232, 15208, 15198, 15287, 15192, 15216
15365, 15382, 15333, 15357, 15369, 15406, 15384, 15353, 15374, 15354
15543, 15388, 15398, 15410, 15384, 15430, 15472, 15391, 15438, 15411
15572, 15531, 15505, 15510, 15517, 15546, 15553, 15507, 15517, 15551
15543, 15548, 15556, 15558, 15537, 15571, 15595, 15540, 15555, 15543
15181, 15154, 15148, 15155, 15154, 15162, 15456, 15164, 15174, 15165
15618, 15625, 15608, 15592, 15639, 15608, 15627, 15587, 15653, 15634
15786, 15746, 15739, 15762, 15754, 15707, 15769, 15742, 15760, 15708
15811, 15778, 15777, 15794, 15792, 15812, 15828, 15791, 15798, 15800
15607, 15425, 15735, 15494, 15437, 15459, 15470, 15434, 15442, 15431
15600, 15605, 15614, 15596, 15589, 15586, 15645, 15624, 15591, 15588
15765, 15785, 15779, 15816, 15807, 15753, 15777, 15894, 15793, 15763
15898, 15896, 15854, 15853, 15892, 15884, 15878, 15885, 15864, 15894
15855, 15815, 15828, 15874, 15877, 15857, 15876, 15883, 15840, 15843
15559, 15611, 15560, 15556, 15605, 15628, 15573, 15591, 15601, 15548
15229, 15214, 15230, 15244, 15259, 15238, 15232, 15376, 15216, 15221
15960, 15961, 16031, 15983, 15970, 15969, 15997, 16009, 15976, 15977
16052, 15832, 15867, 15823, 15857, 15840, 16076, 15816, 15850, 15927
15632, 15884, 15617, 15621, 15605, 15602, 15633, 15612, 15636, 15612
15209, 15224, 15207, 15206, 15181, 15365, 15218, 15257, 15227, 15197
15169, 15175, 15177, 15170, 15185, 15176, 15217, 15227, 15253, 15161
15365, 15361, 15368, 15352, 15366, 15390, 15413, 15361, 15371, 15396
15394, 15469, 15971, 15705, 15730, 15406, 15486, 15400, 15401, 15543
15922, 15625, 15591, 15601, 15667, 15571, 15598, 15584, 15592, 15581
15536, 15548, 15527, 15536, 15545, 15588, 15588, 15571, 15580, 15540
15559, 15494, 15465, 15454, 15454, 15483, 15466, 15481, 15461, 15521
15631, 15628, 15633, 15599, 15607, 15657, 15623, 15623, 15622, 15633
15676, 15682, 15655, 15654, 15621, 15674, 15659, 15669, 15668, 15662
15672, 15450, 15447, 15433, 15436, 15517, 15437, 15443, 15427, 15426
15844, 15819, 15810, 16145, 15829, 15817, 15811, 15838, 15818, 15868
15291, 15272, 15281, 15271, 15273, 15281, 15302, 15268, 15275, 15298
15836, 15797, 15830, 15770, 15791, 15803, 15840, 15828, 15778, 15773
15336, 15328, 15332, 15299, 15333, 15352, 15318, 15330, 15310, 15310
15655, 15647, 15662, 15637, 15658, 15649, 15671, 15665, 15670, 15685
15217, 15229, 15255, 15252, 15246, 15217, 15260, 15245, 15280, 15225
15425, 15426, 15430, 15428, 15451, 15429, 15449, 15419, 15464, 15606
15565, 15613, 15520, 15543, 15530, 15570, 15814, 15533, 15552, 15589
15418, 15416, 15430, 15403, 15420, 15427, 15450, 15424, 15442, 15452
15303, 15299, 15294, 15335, 15351, 15338, 15275, 15498, 15278, 15301
15489, 15501, 15493, 15512, 15624, 15492, 15495, 15510, 15495, 15542
15771, 15821, 15802, 15774, 15792, 15782, 15784, 15801, 15791, 15790
15596, 15531, 15581, 15509, 15579, 15558, 15621, 15573, 15526, 15649
15342, 15293, 15318, 15312, 15303, 15288, 15286, 15278, 15312, 15296
15570, 15580, 15584, 15565, 15570, 15592, 15606, 15583, 15573, 15581
15454, 15476, 15468, 15461, 15464, 15560, 15496, 15494, 15473, 15515
15526, 15544, 15731, 15485, 15483, 15476, 15528, 15494, 15631, 15443
15727, 15748, 15769, 15756, 15748, 15744, 15754, 16071, 16088, 15922
16245, 15904, 15992, 15872, 15897, 15918, 15894, 15883, 15894, 15888
15822, 15787, 15811, 15799, 15782, 15781, 15819, 15812, 15806, 15835
15477, 15480, 15500, 15526, 15451, 15463, 15490, 15481, 15469, 15492
15298, 15300, 15285, 15637, 15299, 15297, 15313, 15304, 15295, 15284
15813, 15821, 15783, 15772, 15772, 15776, 15772, 15766, 16231, 15783
15689, 15667, 15748, 15684, 15676, 15669, 15700, 15675, 15677, 15682
15508, 15545, 15514, 15537, 15518, 15795, 15513, 15516, 15539, 15565
15430, 15436, 15435, 15463, 15514, 15438, 15451, 15460, 15530, 15451
15362, 15378, 15692, 15457, 15360, 15346, 15388, 15371, 15346, 15378
15444, 15455, 15439, 15450, 15471, 15456, 15447, 15463, 15463, 15747
15337, 15319, 15314, 15333, 15336, 15304, 15380, 15319, 15309, 15646
15267, 15255, 15262, 15249, 15265, 15255, 15275, 15267, 15244, 15338
15694, 15701, 15664, 15664, 15724, 15660, 15999, 15662, 15672, 15689
15869, 15724, 15738, 15770, 15740, 15780, 15753, 15756, 15752, 15808
15352, 15359, 15354, 15596, 15322, 15262, 15304, 15291, 15249, 15258
15528, 15550, 15556, 15576, 15538, 15560, 15567, 15569, 15785, 15873
15278, 15216, 15224, 15538, 15274, 15227, 15222, 15229, 15233, 15223
15557, 15503, 15507, 15536, 15511, 15728, 15577, 15539, 15533, 15846
15877, 15857, 15907, 15991, 16003, 15860, 15839, 15865, 15876, 15842
15571, 15556, 15562, 15560, 15562, 15552, 15548, 15545, 15551, 15762
15721, 15728, 15790, 15721, 15715, 15744, 15732, 15706, 15719, 15731
15891, 15944, 15931, 15920, 15919, 15984, 15906, 15919, 15896, 15871
15831, 15830, 15806, 15805, 15811, 15874, 15820, 15831, 15823, 15851
15326, 15338, 15327, 15324, 15318, 15343, 15359, 15336, 15386, 15298
15258, 15242, 15237, 15243, 15240, 15255, 15204, 15267, 15309, 15283
15620, 15643, 15623, 15620, 15671, 15621, 15622, 15658, 15625, 15649
