5782, 5307, 5289, 5308, 5296, 5291, 5297, 5289, 5295, 5309
4413, 4417, 4461, 4460, 4421, 4456, 4576, 4463, 4463, 4467
4475, 4429, 4476, 4431, 4472, 4477, 4474, 4436, 4435, 4473
4544, 4512, 4480, 4475, 4431, 4467, 4417, 4421, 4467, 4431
4440, 4439, 4651, 4425, 4581, 4563, 4434, 4437, 4442, 4439
4451, 4414, 4441, 4422, 4445, 4405, 4403, 4441, 4399, 4417
4366, 4365, 4369, 4403, 4405, 4367, 4365, 4368, 4387, 4551
4455, 4447, 4410, 4405, 4448, 4443, 4442, 4549, 4406, 4442
4447, 4412, 4406, 4417, 4446, 4412, 4409, 4410, 4405, 4412
4446, 4405, 4446, 4441, 4403, 4404, 4402, 4440, 4409, 4407
4559, 4408, 4448, 4447, 4446, 4411, 4443, 4406, 4396, 4594
4378, 4378, 4416, 4409, 4373, 4415, 4413, 4416, 4372, 4374
4400, 4368, 4366, 4370, 4368, 4365, 4399, 4371, 4399, 4366
4409, 4407, 4374, 4406, 4377, 4415, 4407, 4377, 4404, 4370
4368, 4374, 4371, 4376, 4405, 4409, 4373, 4372, 4415, 4370
4576, 4531, 4447, 4441, 4443, 4409, 4438, 4442, 4407, 4407
4393, 4500, 4394, 4366, 4403, 4363, 4366, 4360, 4398, 4401
4401, 4409, 4405, 4406, 4405, 4370, 4406, 4408, 4373, 4405
4406, 4370, 4373, 4371, 4409, 4375, 4408, 4404, 4408, 4403
4547, 4409, 4373, 4377, 4374, 4376, 4376, 4405, 4371, 4378
4450, 4415, 4452, 4454, 4456, 4415, 4415, 4414, 4416, 4472
4413, 4444, 4405, 4450, 4437, 4445, 4406, 4406, 4409, 4409
4368, 4361, 4360, 4365, 4400, 4362, 4400, 4362, 4404, 4365
4458, 4579, 4419, 4458, 4417, 4423, 4462, 4424, 4415, 4420
4397, 4442, 4437, 4442, 4413, 4438, 4406, 4443, 4400, 4441
4403, 4404, 4444, 4399, 4403, 4444, 4432, 4443, 4408, 4404
4407, 4446, 4419, 4410, 4444, 4443, 4454, 4447, 4417, 4404
4437, 4546, 4444, 4410, 4447, 4405, 4444, 4411, 4447, 4446
4425, 4452, 4457, 4414, 4454, 4419, 4432, 4414, 4415, 4414
4405, 4408, 4403, 4372, 4404, 4375, 4402, 4370, 4409, 4374
4369, 4407, 4377, 4374, 4371, 4408, 4412, 4398, 4368, 4369
4397, 4546, 4370, 4367, 4395, 4405, 4402, 4404, 4400, 4366
4414, 4413, 4453, 4412, 4452, 4452, 4452, 4410, 4453, 4417
4453, 4450, 4411, 4450, 4406, 4408, 4407, 4410, 4412, 4401
4452, 4444, 4411, 4402, 4411, 4412, 4450, 4444, 4456, 4450
4407, 4446, 4642, 4518, 4540, 4666, 4480, 4443, 4444, 4448
4374, 4410, 4414, 4375, 4407, 4416, 4410, 4379, 4408, 4412
4405, 4450, 4445, 4408, 4406, 4441, 4445, 4407, 4409, 4407
4432, 4399, 4438, 4442, 4438, 4442, 4442, 4401, 4405, 4440
4407, 4406, 4593, 4450, 4449, 4410, 4452, 4448, 4447, 4411
4451, 4451, 4457, 4413, 4448, 4453, 4412, 4446, 4410, 4452
4377, 4414, 4411, 4411, 4415, 4411, 4526, 4409, 4377, 4372
4415, 4412, 4380, 4376, 4410, 4409, 4416, 4376, 4416, 4413
4405, 4371, 4509, 4484, 4376, 4478, 4363, 4371, 4372, 4403
4438, 4397, 4398, 4401, 4446, 4439, 4427, 4441, 4403, 4444
4359, 4406, 4403, 4405, 4401, 4371, 4407, 4372, 4400, 4408
4454, 4407, 4423, 4446, 4407, 4450, 4407, 4412, 4411, 4405
4369, 4366, 4405, 4510, 4409, 4368, 4371, 4373, 4368, 4407
4414, 4447, 4450, 4449, 4420, 4416, 4414, 4414, 4453, 4413
4403, 4405, 4453, 4409, 4559, 4406, 4407, 4444, 4445, 4449
4378, 4419, 4374, 4378, 4417, 4391, 4411, 4415, 4374, 4408
4447, 4445, 4446, 4601, 4458, 4414, 4411, 4412, 4516, 4451
4507, 4357, 4367, 4450, 4465, 4418, 4363, 4401, 4405, 4367
4409, 4411, 4408, 4378, 4371, 4409, 4375, 4407, 4372, 4406
4456, 4457, 4454, 4416, 4422, 4424, 4424, 4423, 4420, 4457
4368, 4371, 4406, 4499, 4397, 4367, 4371, 4405, 4370, 4371
4449, 4408, 4470, 4446, 4459, 4448, 4459, 4449, 4419, 4458
4406, 4448, 4405, 4403, 4405, 4406, 4398, 4405, 4436, 4398
4428, 4369, 4366, 4367, 4407, 4367, 4403, 4367, 4403, 4410
4364, 4363, 4372, 4401, 4504, 4400, 4370, 4403, 4367, 4407
4415, 4411, 4410, 4413, 4451, 4418, 4409, 4455, 4566, 4446
4452, 4413, 4452, 4453, 4444, 4415, 4456, 4452, 4448, 4411
4450, 4441, 4451, 4450, 4462, 4466, 4409, 4449, 4447, 4455
4528, 4446, 4486, 4553, 4543, 4445, 4413, 4450, 4453, 4451
4364, 4365, 4402, 4399, 4397, 4397, 4357, 4361, 4413, 4359
4410, 4411, 4415, 4458, 4458, 4422, 4557, 4459, 4414, 4418
4393, 4362, 4394, 4399, 4391, 4357, 4394, 4392, 4398, 4394
4371, 4367, 4408, 4366, 4512, 4383, 4379, 4377, 4382, 4372
4404, 4448, 4447, 4451, 4405, 4450, 4439, 4444, 4405, 4446
4402, 4363, 4364, 4365, 4367, 4366, 4409, 4369, 4365, 4396
4450, 4414, 4406, 4457, 4458, 4444, 4451, 4404, 4446, 4444
4404, 4406, 4397, 4441, 4444, 4588, 4446, 4441, 4408, 4447
4451, 4417, 4418, 4419, 4417, 4456, 4414, 4451, 4417, 4417
4447, 4415, 4442, 4450, 4448, 4450, 4409, 4452, 4453, 4413
4364, 4400, 4403, 4400, 4405, 4402, 4393, 4365, 4403, 4401
4406, 4405, 4444, 4443, 4446, 4550, 4410, 4410, 4405, 4412
4370, 4376, 4371, 4427, 4372, 4412, 4412, 4410, 4373, 4409
4404, 4403, 4441, 4406, 4402, 4440, 4402, 4402, 4395, 4400
4412, 4368, 4424, 4409, 4375, 4371, 4410, 4411, 4370, 4416
4512, 4553, 4397, 4404, 4436, 4403, 4526, 4403, 4407, 4405
4405, 4449, 4444, 4451, 4399, 4400, 4449, 4405, 4410, 4450
4404, 4455, 4442, 4410, 4446, 4445, 4401, 4404, 4407, 4408
4519, 4414, 4376, 4374, 4415, 4417, 4409, 4419, 4409, 4415
4362, 4364, 4401, 4405, 4472, 4404, 4689, 4408, 4367, 4404
4409, 4370, 4370, 4368, 4366, 4365, 4402, 4365, 4367, 4368
4410, 4390, 4359, 4355, 4402, 4403, 4404, 4362, 4402, 4400
4442, 4449, 4398, 4452, 4447, 4401, 4567, 4404, 4405, 4394
4447, 4446, 4447, 4402, 4451, 4401, 4542, 4455, 4453, 4454
4401, 4458, 4446, 4408, 4406, 4446, 4452, 4412, 4450, 4399
4401, 4403, 4363, 4365, 4406, 4405, 4402, 4362, 4462, 4486
4408, 4617, 4534, 4451, 4450, 4449, 4468, 4453, 4447, 4448
4398, 4400, 4443, 4400, 4444, 4402, 4399, 4547, 4410, 4447
4411, 4416, 4414, 4492, 4372, 4411, 4373, 4371, 4372, 4367
4362, 4368, 4371, 4400, 4406, 4362, 4401, 4361, 4364, 4403
4398, 4410, 4443, 4453, 4445, 4442, 4524, 4507, 4530, 4506
4526, 4451, 4450, 4408, 4401, 4405, 4446, 4583, 4502, 4407
4442, 4452, 4447, 4402, 4407, 4410, 4402, 4444, 4405, 4405
4365, 4486, 4462, 4445, 4502, 4424, 4366, 4359, 4361, 4360
4467, 4407, 4367, 4371, 4376, 4373, 4370, 4409, 4365, 4405
4447, 4446, 4459, 4446, 4446, 4446, 4456, 4585, 4452, 4406
4376, 4373, 4366, 4376, 4371, 4367, 4416, 4370, 4420, 4412
4453, 4405, 4408, 4404, 4402, 4453, 4408, 4406, 4407, 4485
4470, 4372, 4515, 4415, 4372, 4614, 4371, 4414, 4412, 4371
4410, 4513, 4413, 4400, 4444, 4500, 4418, 4438, 4490, 4418
4404, 4416, 4411, 4367, 4371, 4405, 4408, 4431, 4376, 4363
4454, 4474, 4426, 4407, 4420, 4441, 4409, 4414, 4411, 4415
4364, 4398, 4369, 4366, 4405, 4363, 4367, 4399, 4365, 4392
4395, 4399, 4397, 4367, 4397, 4398, 4369, 4362, 4505, 4373
4402, 4383, 4414, 4403, 4406, 4459, 4377, 4512, 4460, 4513
4408, 4444, 4412, 4443, 4406, 4446, 4444, 4440, 4413, 4406
4365, 4367, 4366, 4398, 4364, 4396, 4399, 4400, 4395, 4403
4437, 4401, 4439, 4406, 4406, 4405, 4439, 4405, 4406, 4584
4384, 4415, 4382, 4409, 4382, 4462, 4598, 4463, 4412, 4383
4406, 4509, 4404, 4377, 4410, 4411, 4411, 4377, 4414, 4410
4458, 4406, 4442, 4446, 4457, 4414, 4407, 4420, 4458, 4446
4409, 4420, 4454, 4415, 4412, 4455, 4411, 4412, 4448, 4547
4369, 4401, 4496, 4395, 4400, 4401, 4400, 4363, 4368, 4396
4376, 4379, 4406, 4382, 4411, 4408, 4409, 4410, 4378, 4405
4371, 4402, 4401, 4374, 4369, 4403, 4432, 4405, 4405, 4399
4451, 4412, 4445, 4449, 4414, 4446, 4411, 4444, 4418, 4563
4422, 4450, 4443, 4451, 4550, 4521, 4447, 4514, 4507, 4452
4456, 4455, 4461, 4457, 4427, 4424, 4458, 4424, 4457, 4421
4441, 4441, 4441, 4439, 4410, 4405, 4445, 4444, 4441, 4413
4397, 4396, 4367, 4400, 4401, 4402, 4396, 4364, 4363, 4403
4558, 4399, 4397, 4399, 4370, 4363, 4395, 4390, 4394, 4365
4396, 4365, 4363, 4411, 4402, 4401, 4372, 4400, 4394, 4418
4449, 4405, 4409, 4407, 4450, 4414, 4411, 4448, 4444, 4442
4421, 4403, 4413, 4446, 4441, 4446, 4441, 4448, 4442, 4446
4590, 4412, 4412, 4446, 4413, 4514, 4418, 4453, 4416, 4447
4417, 4416, 4452, 4445, 4420, 4414, 4449, 4419, 4446, 4451
4408, 4381, 4368, 4378, 4405, 4410, 4400, 4411, 4379, 4368
4513, 4449, 4445, 4448, 4407, 4444, 4449, 4439, 4407, 4441
4584, 4412, 4410, 4443, 4456, 4406, 4460, 4412, 4449, 4411
4376, 4414, 4408, 4415, 4372, 4417, 4414, 4371, 4363, 4373
4373, 4407, 4365, 4371, 4375, 4409, 4405, 4409, 4423, 4371
4410, 4413, 4420, 4369, 4412, 4416, 4375, 4370, 4422, 4413
4402, 4525, 4403, 4451, 4448, 4446, 4451, 4403, 4452, 4405
4407, 4363, 4357, 4355, 4404, 4360, 4401, 4361, 4406, 4404
4353, 4395, 4356, 4396, 4356, 4358, 4356, 4391, 4368, 4398
4365, 4515, 4409, 4357, 4358, 4365, 4367, 4366, 4369, 4371
4455, 4600, 4468, 4459, 4422, 4467, 4450, 4417, 4462, 4463
4416, 4375, 4413, 4370, 4413, 4417, 4414, 4373, 4375, 4375
4372, 4414, 4409, 4373, 4372, 4373, 4374, 4370, 4373, 4369
4404, 4404, 4402, 4400, 4360, 4363, 4368, 4370, 4474, 4370
4410, 4414, 4644, 4415, 4404, 4379, 4377, 4377, 4364, 4363
4406, 4430, 4435, 4445, 4439, 4414, 4516, 4443, 4390, 4403
4440, 4404, 4443, 4443, 4397, 4443, 4402, 4457, 4397, 4441
4406, 4403, 4404, 4361, 4402, 4400, 4403, 4405, 4403, 4406
4368, 4403, 4552, 4457, 4416, 4411, 4376, 4408, 4413, 4371
4448, 4409, 4449, 4445, 4458, 4430, 4409, 4458, 4454, 4447
4443, 4444, 4401, 4399, 4446, 4407, 4434, 4444, 4402, 4407
4501, 4405, 4402, 4404, 4448, 4405, 4397, 4398, 4440, 4398
4449, 4452, 4592, 4450, 4457, 4414, 4453, 4410, 4453, 4409
4411, 4417, 4414, 4417, 4452, 4457, 4457, 4413, 4414, 4459
4405, 4443, 4451, 4409, 4451, 4445, 4406, 4415, 4407, 4412
4361, 4407, 4406, 4405, 4368, 4367, 4367, 4364, 4407, 4367
4460, 4452, 4416, 4595, 4416, 4451, 4453, 4415, 4408, 4416
4402, 4359, 4366, 4408, 4407, 4503, 4405, 4397, 4358, 4359
4376, 4414, 4418, 4409, 4406, 4374, 4412, 4368, 4365, 4407
4449, 4445, 4404, 4403, 4401, 4447, 4513, 4403, 4453, 4450
4405, 4417, 4478, 4571, 4416, 4378, 4414, 4375, 4371, 4416
4461, 4409, 4451, 4455, 4406, 4457, 4412, 4420, 4411, 4452
4407, 4407, 4363, 4406, 4362, 4512, 4406, 4404, 4402, 4399
4367, 4401, 4372, 4356, 4366, 4361, 4363, 4364, 4399, 4396
4400, 4365, 4400, 4361, 4481, 4401, 4360, 4360, 4364, 4368
4430, 4411, 4400, 4404, 4399, 4438, 4434, 4475, 4459, 4481
4673, 4685, 4613, 4406, 4448, 4413, 4444, 4448, 4445, 4408
4407, 4375, 4374, 4496, 4401, 4504, 4404, 4362, 4374, 4375
4406, 4408, 4408, 4445, 4549, 4446, 4446, 4444, 4408, 4411
4440, 4411, 4448, 4404, 4406, 4447, 4565, 4415, 4445, 4444
4449, 4412, 4408, 4407, 4408, 4452, 4408, 4446, 4445, 4443
4410, 4411, 4416, 4414, 4373, 4414, 4407, 4410, 4407, 4372
4403, 4449, 4446, 4414, 4596, 4535, 4554, 4454, 4454, 4408
4398, 4363, 4400, 4367, 4399, 4401, 4369, 4404, 4370, 4402
4382, 4373, 4403, 4395, 4413, 4376, 4411, 4377, 4414, 4375
4448, 4446, 4409, 4447, 4407, 4417, 4444, 4450, 4444, 4413
4443, 4452, 4414, 4446, 4543, 4444, 4414, 4408, 4413, 4408
4370, 4403, 4406, 4412, 4372, 4408, 4374, 4375, 4408, 4372
4371, 4399, 4375, 4401, 4398, 4396, 4400, 4397, 4358, 4395
4438, 4416, 4398, 4545, 4439, 4405, 4401, 4436, 4436, 4444
4435, 4436, 4397, 4436, 4440, 4578, 4440, 4404, 4410, 4406
4420, 4415, 4412, 4446, 4446, 4413, 4445, 4420, 4449, 4410
4377, 4412, 4381, 4409, 4378, 4407, 4413, 4409, 4374, 4373
4405, 4408, 4375, 4408, 4405, 4409, 4409, 4407, 4373, 4411
4408, 4410, 4404, 4445, 4406, 4544, 4444, 4441, 4444, 4410
4447, 4409, 4439, 4444, 4444, 4547, 4443, 4407, 4445, 4427
4388, 4395, 4357, 4387, 4362, 4511, 4389, 4363, 4392, 4388
4441, 4439, 4406, 4401, 4400, 4435, 4444, 4442, 4441, 4435
4406, 4400, 4436, 4397, 4458, 4436, 4525, 4411, 4446, 4445
4424, 4445, 4457, 4421, 4415, 4414, 4447, 4450, 4454, 4458
4412, 4408, 4375, 4375, 4412, 4411, 4409, 4403, 4373, 4406
4367, 4366, 4395, 4403, 4375, 4365, 4399, 4365, 4518, 4357
4548, 4443, 4439, 4443, 4428, 4435, 4548, 4449, 4407, 4407
4442, 4443, 4416, 4406, 4445, 4406, 4449, 4448, 4447, 4412
4492, 4541, 4523, 4504, 4485, 4440, 4490, 4463, 4436, 4405
4407, 4442, 4447, 4407, 4408, 4408, 4447, 4441, 4447, 4443
4363, 4370, 4371, 4369, 4399, 4366, 4646, 4370, 4397, 4364
4520, 4544, 4428, 4407, 4439, 4447, 4397, 4444, 4441, 4444
4406, 4434, 4443, 4408, 4407, 4404, 4444, 4444, 4443, 4404
4407, 4401, 4401, 4382, 4405, 4370, 4401, 4367, 4373, 4364
4395, 4402, 4405, 4403, 4372, 4371, 4408, 4474, 4371, 4411
4440, 4405, 4406, 4409, 4404, 4440, 4411, 4444, 4444, 4446
4422, 4452, 4421, 4407, 4429, 4445, 4423, 4457, 4417, 4442
4449, 4409, 4450, 4451, 4450, 4416, 4409, 4416, 4450, 4446
